Site,35/36,36/37,37/38,38/39,39/40,40/41,41/42,42/43,43/44,44/45,45/46,46/47,47/48,48/49,49/50,50/51,51/52,52/53,53/54,54/55,55/56,56/57,57/58,58/59,59/60,60/61,61/62,62/63,63/64,64/65,65/66,66/67,67/68,68/69,69/70,70/71,71/72,72/73,73/74,74/75,75/76,76/77,77/78,78/79,79/80,80/81,81/82,82/83,83/84,84/85,85/86,86/87,87/88,88/89,89/90,90/91,91/92,92/93,93/94,94/95,95/96,96/97,97/98,98/99,99/00,00/01,01/02,02/03,03/04,04/05,05/06,06/07,07/08,08/09,09/10,10/11,11/12,12/13,13/14,14/15,15/16,16/17,17/18,RoughTimeAccessed
Island of Papa Westray,nan,nan,nan,nan,nan,nan,nan,nan,nan,nan,nan,nan,nan,nan,nan,nan,nan,nan,nan,nan,nan,nan,nan,nan,nan,nan,nan,nan,nan,nan,nan,nan,nan,nan,nan,nan,nan,nan,nan,nan,nan,nan,nan,nan,nan,nan,nan,nan,nan,nan,nan,nan,nan,nan,nan,nan,nan,nan,nan,nan,nan,nan,nan,nan,nan,nan,"[330, 1, 'Feb', 0, None, None]","[120, 1, 'Mar', 0, None, None]","[216, 1, 'Jan', 0, None, None]","[385, 1, 'Jan', 0, None, None]","[431, 1, 'Jan', 0, None, None]","[420, 1, 'Feb', 0, None, None]","[413, 1, 'Mar', 0, None, None]","[324, 1, 'Nov', 0, None, None]","[298, 1, 'Dec', 0, None, None]","[436, 1, 'Mar', 0, None, None]","[428, 1, 'Jan', 0, None, None]","[280, 1, 'Jan', 0, None, None]","[216, 1, 'Nov', 0, None, None]","[230, 1, 'Mar', 0, None, None]","[186, 1, 'Jan', 0, None, None]","[175, 1, 'Mar', 0, None, None]","[170, 1, 'Feb', 0, None, None]",2020-01-19 18:07:45
Beadnell to Seahouses,nan,nan,nan,nan,nan,nan,nan,nan,nan,nan,nan,nan,nan,nan,nan,nan,nan,nan,nan,nan,nan,nan,nan,nan,nan,nan,nan,nan,nan,nan,nan,nan,nan,nan,nan,nan,nan,nan,nan,nan,nan,"[10, 1, 'May', 0, None, None]","[49, 1, 'Apr', 0, None, None]","[49, 1, 'Mar', 0, None, None]","[82, 1, 'Apr', 0, None, None]","[153, 1, 'Apr', 0, None, None]","[166, 1, 'Jan', 0, None, None]","[377, 1, 'Apr', 0, None, None]","[200, 1, 'Dec', 0, None, None]","[391, 1, 'Apr', 0, None, None]","[224, 1, 'Apr', 0, None, None]","[215, 1, 'Apr', 0, None, None]","[219, 1, 'Apr', 0, None, None]","[108, 1, 'Apr', 0, None, None]","[134, 1, 'Feb', 0, None, None]","[118, 1, 'Apr', 0, None, None]","[220, 1, 'Apr', 0, None, None]","[118, 1, 'May', 0, None, None]","[116, 1, 'Apr', 0, None, None]","[103, 1, 'Apr', 0, None, None]","[13, 2, 'Nov', 0, None, None]","[98, 1, 'Apr', 0, None, None]","[63, 1, 'Mar', 0, None, None]","[133, 1, 'Mar', 0, None, None]","[58, 1, 'Apr', 0, None, None]","[50, 1, 'Oct', 0, None, None]","[78, 1, 'Jan', 0, None, None]","[70, 1, 'Mar', 0, None, None]","[61, 1, 'Nov', 0, None, None]","[72, 1, 'Feb', 0, None, None]","[74, 1, 'Dec', 0, None, None]","[110, 1, 'Mar', 0, None, None]","[78, 1, 'Feb', 0, None, None]","[100, 1, 'Dec', 0, None, None]","[96, 1, 'Jan', 0, None, None]","[88, 1, 'Mar', 0, None, None]","[97, 1, 'Mar', 0, None, None]","[121, 1, 'Mar', 0, None, None]","[98, 1, 'Feb', 0, None, None]","[136, 1, 'Apr', 0, None, None]","[236, 1, 'Apr', 0, None, None]","[234, 1, 'Dec', 0, None, None]","[48, 2, 'Dec', 0, None, None]",2020-01-19 18:07:45
Farne Islands,nan,nan,nan,nan,nan,nan,nan,nan,nan,nan,nan,nan,nan,nan,nan,nan,nan,nan,nan,nan,nan,nan,nan,nan,nan,nan,nan,nan,nan,nan,nan,nan,nan,nan,nan,nan,nan,nan,nan,nan,nan,nan,nan,nan,nan,nan,nan,nan,nan,nan,nan,nan,nan,nan,nan,nan,nan,nan,nan,nan,nan,nan,nan,"[360, 1, 'Nov', 0, None, None]","[291, 1, 'Sep', 0, None, None]","[207, 1, 'Nov', 0, None, None]","[218, 2, 'Apr', 0, None, None]","[280, 1, 'Jul', 0, None, None]","[307, 1, 'Apr', 0, None, None]","[375, 1, 'May', 0, None, None]","[116, 1, 'Aug', 0, None, None]","[184, 2, 'May', 0, None, None]","[171, 2, 'May', 0, None, None]","[348, 2, 'Oct', 0, None, None]","[104, 1, 'May', 0, None, None]","[263, 2, 'Oct', 0, None, None]","[347, 1, 'Apr', 0, None, None]","[227, 1, 'Nov', 0, None, None]","[312, 1, 'Oct', 0, None, None]",nan,nan,nan,"[4, 1, 'Aug', 0, None, None]",2020-01-19 18:07:45
Ardivachar Point (South Uist),nan,nan,nan,nan,nan,nan,nan,nan,nan,nan,nan,nan,nan,nan,nan,nan,nan,nan,nan,nan,nan,nan,nan,nan,nan,nan,nan,nan,nan,nan,nan,nan,nan,nan,nan,nan,nan,nan,nan,nan,nan,nan,nan,nan,nan,nan,nan,nan,nan,nan,nan,nan,nan,nan,nan,nan,nan,nan,nan,nan,nan,nan,nan,nan,"[112, 1, 'Mar', 0, None, None]","[100, 1, 'Feb', 0, None, None]",nan,"[120, 1, 'Mar', 0, None, None]","[110, 1, 'Feb', 0, None, None]","[144, 1, 'Dec', 0, None, None]","[200, 1, 'Jan', 0, None, None]","[139, 1, 'Jan', 0, None, None]","[108, 1, 'Nov', 0, None, None]","[233, 1, 'Feb', 0, None, None]",nan,"[98, 1, 'Feb', 0, None, None]","[162, 1, 'Nov', 0, None, None]","[250, 1, 'Jan', 0, None, None]","[80, 1, 'Mar', 0, None, None]","[300, 1, 'Apr', 0, None, None]","[112, 1, 'Nov', 0, None, None]","[30, 1, 'Apr', 0, None, None]","[260, 1, 'Nov', 0, None, None]",2020-01-19 18:07:45
Dee Estuary (Scotland),nan,nan,nan,nan,nan,nan,nan,nan,nan,nan,nan,nan,nan,nan,nan,nan,nan,nan,nan,nan,nan,nan,nan,nan,nan,nan,nan,nan,nan,nan,nan,nan,nan,nan,nan,"[13, 1, 'Jan', 0, None, None]","[0, 1, '', 0, None, None]",nan,nan,nan,nan,nan,nan,nan,nan,nan,nan,"[190, 1, 'Feb', 0, None, None]","[40, 1, 'Jan', 0, None, None]","[15, 1, 'Nov', 0, None, None]",nan,"[205, 1, 'Dec', 0, None, None]","[231, 1, 'Mar', 0, None, None]","[104, 1, 'Jan', 0, None, None]","[34, 1, 'May', 0, None, None]","[85, 1, 'Apr', 0, None, None]","[9, 1, 'Apr', 0, None, None]","[23, 1, 'Mar', 0, None, None]","[22, 1, 'Feb', 0, None, None]","[85, 1, 'Dec', 0, None, None]","[30, 1, 'Jan', 0, None, None]","[48, 1, 'Mar', 0, None, None]","[70, 1, 'Apr', 0, None, None]","[61, 1, 'Apr', 0, None, None]","[29, 1, 'Apr', 0, None, None]","[84, 1, 'Nov', 0, None, None]","[71, 1, 'Feb', 0, None, None]","[92, 1, 'Nov', 0, None, None]","[81, 1, 'Jan', 0, None, None]","[185, 1, 'Feb', 0, None, None]","[157, 1, 'Jan', 0, None, None]","[140, 1, 'Nov', 0, None, None]","[88, 1, 'Jan', 0, None, None]","[145, 1, 'Dec', 0, None, None]","[105, 1, 'Mar', 0, None, None]","[65, 1, 'Feb', 0, None, None]","[37, 1, 'Apr', 0, None, None]","[120, 1, 'Jan', 0, None, None]","[21, 1, 'Nov', 0, None, None]","[140, 1, 'Mar', 0, None, None]","[150, 1, 'Mar', 0, None, None]","[220, 1, 'Mar', 1, 'Supplementary visit under the  WeBS Core Count Survey', 'WeBS']","[206, 1, 'Feb', 0, None, None]",2020-01-19 18:07:45
Seahouses to Budle Point,nan,nan,nan,nan,nan,nan,nan,nan,nan,nan,nan,nan,nan,nan,nan,nan,nan,nan,nan,nan,nan,nan,nan,nan,nan,nan,nan,nan,nan,nan,nan,nan,nan,nan,nan,nan,nan,nan,nan,nan,nan,"[104, 1, 'Feb', 0, None, None]","[155, 1, 'Nov', 0, None, None]","[270, 1, 'Nov', 0, None, None]","[169, 1, 'Dec', 0, None, None]","[188, 1, 'Dec', 0, None, None]","[182, 1, 'Dec', 0, None, None]","[355, 1, 'Nov', 0, None, None]","[200, 1, 'Nov', 0, None, None]","[140, 1, 'Dec', 0, None, None]","[229, 1, 'Nov', 0, None, None]","[336, 1, 'Dec', 0, None, None]","[80, 1, 'Mar', 0, None, None]","[308, 1, 'Jan', 0, None, None]","[188, 1, 'Jan', 0, None, None]","[243, 1, 'Nov', 0, None, None]","[201, 1, 'Jan', 0, None, None]","[278, 1, 'Feb', 0, None, None]","[250, 1, 'Nov', 0, None, None]","[269, 1, 'Dec', 0, None, None]","[252, 1, 'Nov', 0, None, None]","[144, 1, 'Feb', 0, None, None]","[207, 1, 'Mar', 0, None, None]","[274, 1, 'Jan', 0, None, None]","[310, 1, 'Nov', 0, None, None]","[205, 1, 'Feb', 0, None, None]","[151, 1, 'Dec', 0, None, None]","[25, 1, 'Nov', 0, None, None]","[64, 1, 'Feb', 0, None, None]","[63, 1, 'Nov', 0, None, None]","[42, 1, 'Jan', 0, None, None]","[65, 2, 'Feb', 0, None, None]","[12, 1, 'Dec', 0, None, None]","[63, 1, 'Nov', 0, None, None]","[85, 1, 'Nov', 0, None, None]","[136, 1, 'Dec', 0, None, None]","[57, 1, 'Nov', 0, None, None]","[49, 1, 'Apr', 0, None, None]","[89, 1, 'Nov', 0, None, None]","[28, 1, 'Dec', 0, None, None]","[196, 1, 'Jan', 0, None, None]","[130, 2, 'Mar', 0, None, None]","[143, 2, 'Feb', 0, None, None]",2020-01-19 18:07:45
Forth Estuary,nan,nan,nan,nan,nan,nan,nan,nan,nan,nan,nan,nan,nan,nan,nan,nan,nan,nan,nan,nan,nan,nan,nan,nan,nan,nan,nan,nan,nan,nan,nan,nan,nan,nan,nan,"[0, 1, '', 0, None, None]","[0, 1, '', 0, None, None]","[0, 1, '', 0, None, None]","[35, 1, 'Nov', 0, None, None]","[12, 1, 'Jan', 0, None, None]","[0, 1, '', 0, None, None]","[0, 1, '', 0, None, None]","[21, 1, 'Dec', 0, None, None]","[0, 1, '', 0, None, None]","[0, 1, '', 0, None, None]",nan,"[20, 1, 'Dec', 0, None, None]","[90, 1, 'Mar', 0, None, None]","[8, 2, 'Jan', 0, None, None]","[0, 1, '', 0, None, None]","[34, 1, 'Feb', 0, None, None]","[66, 2, 'Dec', 0, None, None]","[72, 1, 'Jan', 0, None, None]","[79, 1, 'Nov', 0, None, None]","[77, 1, 'Jan', 0, None, None]","[112, 1, 'Jan', 0, None, None]","[78, 1, 'Dec', 0, None, None]","[71, 1, 'Feb', 1, 'Standard visit under the WeBS Low Tide Count Survey', 'WeBS']","[81, 1, 'Oct', 0, None, None]","[237, 1, 'Apr', 0, None, None]","[161, 1, 'Dec', 0, None, None]","[72, 1, 'Apr', 0, None, None]","[103, 1, 'Apr', 0, None, None]","[142, 1, 'Nov', 0, None, None]","[128, 1, 'Feb', 0, None, None]","[159, 2, 'Feb', 0, None, None]","[172, 1, 'Feb', 0, None, None]","[248, 1, 'Nov', 0, None, None]","[92, 1, 'Oct', 0, None, None]","[93, 1, 'Jan', 0, None, None]","[112, 1, 'Feb', 0, None, None]","[98, 1, 'Dec', 0, None, None]","[145, 1, 'Apr', 0, None, None]","[114, 2, 'Nov', 0, None, None]","[147, 2, 'Jan', 0, None, None]","[170, 1, 'Feb', 0, None, None]","[105, 1, 'Jan', 0, None, None]","[130, 1, 'Mar', 0, None, None]","[145, 1, 'Jan', 0, None, None]","[138, 1, 'Jan', 0, None, None]","[72, 1, 'Nov', 0, None, None]","[57, 1, 'Dec', 0, None, None]","[39, 1, 'Feb', 0, None, None]",2020-01-19 18:07:45
Isle of May,nan,nan,nan,nan,nan,nan,nan,nan,nan,nan,nan,nan,nan,nan,nan,nan,nan,nan,nan,nan,nan,nan,nan,nan,nan,nan,nan,nan,nan,nan,nan,nan,nan,nan,nan,nan,nan,nan,nan,nan,nan,nan,nan,nan,nan,nan,nan,nan,nan,nan,nan,nan,nan,nan,nan,nan,nan,nan,nan,nan,nan,nan,nan,nan,nan,nan,nan,nan,nan,nan,nan,nan,nan,nan,nan,nan,nan,nan,nan,nan,"[80, 1, 'Aug', 0, None, None]",nan,nan,2020-01-19 18:07:45
Scarborough Cliff Lifts to Harbour,nan,nan,nan,nan,nan,nan,nan,nan,nan,nan,nan,nan,nan,nan,nan,nan,nan,nan,nan,nan,nan,nan,nan,nan,nan,nan,nan,nan,nan,nan,nan,nan,nan,nan,nan,nan,nan,nan,nan,nan,nan,nan,nan,nan,nan,nan,nan,nan,nan,nan,nan,nan,nan,nan,nan,nan,nan,nan,nan,nan,nan,nan,nan,nan,nan,nan,nan,nan,nan,nan,nan,nan,"[51, 1, 'Nov', 0, None, None]","[47, 1, 'Dec', 0, None, None]","[47, 1, 'Dec', 1, 'Supplementary roost count under the WeBS Core Count Survey', 'WeBS']","[17, 1, 'Jan', 0, None, None]","[64, 1, 'Jan', 1, 'Supplementary roost count under the WeBS Core Count Survey', 'WeBS']","[109, 1, 'Apr', 1, 'Supplementary roost count under the WeBS Core Count Survey', 'WeBS']","[52, 1, 'Jan', 1, 'Supplementary roost count under the WeBS Core Count Survey', 'WeBS']","[70, 1, 'Mar', 1, 'Supplementary roost count under the WeBS Core Count Survey', 'WeBS']","[77, 1, 'Dec', 1, 'Supplementary roost count under the WeBS Core Count Survey', 'WeBS']","[52, 1, 'Jan', 1, 'Supplementary roost count under the WeBS Core Count Survey', 'WeBS']","[69, 1, 'Feb', 1, 'Supplementary roost count under the WeBS Core Count Survey', 'WeBS']",2020-01-19 18:07:45
Island of Egilsay,nan,nan,nan,nan,nan,nan,nan,nan,nan,nan,nan,nan,nan,nan,nan,nan,nan,nan,nan,nan,nan,nan,nan,nan,nan,nan,nan,nan,nan,nan,nan,nan,nan,nan,nan,nan,nan,nan,nan,nan,nan,nan,nan,nan,nan,nan,nan,nan,nan,nan,nan,nan,nan,nan,nan,nan,nan,nan,nan,nan,nan,"[0, 1, '', 0, None, None]","[7, 1, 'Nov', 0, None, None]","[1, 1, 'Nov', 0, None, None]","[136, 1, 'Nov', 0, None, None]","[334, 1, 'Jan', 0, None, None]","[4, 1, 'Dec', 0, None, None]","[141, 1, 'Jan', 0, None, None]","[195, 1, 'Mar', 0, None, None]","[81, 1, 'Jan', 0, None, None]","[130, 1, 'Feb', 0, None, None]","[90, 2, 'Mar', 0, None, None]",nan,"[99, 1, 'Jan', 0, None, None]","[160, 1, 'Feb', 0, None, None]","[235, 1, 'Mar', 0, None, None]","[34, 1, 'Nov', 0, None, None]","[0, 2, '', 0, None, None]",nan,"[62, 1, 'Mar', 0, None, None]","[44, 1, 'Dec', 0, None, None]","[77, 1, 'Jan', 0, None, None]","[62, 1, 'Nov', 0, None, None]",2020-01-19 18:07:45
West Coast (Benbecula),nan,nan,nan,nan,nan,nan,nan,nan,nan,nan,nan,nan,nan,nan,nan,nan,nan,nan,nan,nan,nan,nan,nan,nan,nan,nan,nan,nan,nan,nan,nan,nan,nan,nan,nan,nan,nan,nan,nan,nan,nan,nan,nan,nan,nan,nan,nan,nan,nan,nan,nan,nan,nan,nan,nan,nan,nan,nan,nan,nan,nan,nan,nan,nan,nan,nan,nan,nan,nan,nan,nan,nan,nan,nan,nan,nan,"[0, 1, '', 0, None, None]","[20, 1, 'Jan', 0, None, None]","[0, 2, '', 0, None, None]",nan,nan,nan,"[59, 1, 'Nov', 0, None, None]",2020-01-19 18:07:45
The Houb (Whalsay),nan,nan,nan,nan,nan,nan,nan,nan,nan,nan,nan,nan,nan,nan,nan,nan,nan,nan,nan,nan,nan,nan,nan,nan,nan,nan,nan,nan,nan,nan,nan,nan,nan,nan,nan,nan,nan,nan,nan,nan,nan,nan,nan,nan,nan,nan,nan,nan,nan,nan,nan,nan,nan,nan,nan,nan,nan,nan,nan,nan,nan,nan,nan,nan,"[160, 1, 'May', 0, None, None]","[62, 1, 'Feb', 0, None, None]","[137, 1, 'Apr', 0, None, None]","[72, 1, 'Apr', 0, None, None]","[100, 1, 'Mar', 0, None, None]","[55, 1, 'Feb', 0, None, None]","[82, 1, 'May', 0, None, None]","[146, 1, 'Apr', 0, None, None]","[74, 1, 'May', 0, None, None]","[107, 1, 'Apr', 0, None, None]","[84, 1, 'Apr', 0, None, None]","[31, 1, 'May', 0, None, None]","[28, 1, 'Mar', 0, None, None]","[83, 1, 'Apr', 0, None, None]","[56, 1, 'Mar', 0, None, None]","[71, 1, 'Apr', 0, None, None]","[52, 1, 'Mar', 0, None, None]","[60, 1, 'May', 0, None, None]","[31, 1, 'Feb', 0, None, None]",2020-01-19 18:07:45
Howick to Beadnell,nan,nan,nan,nan,nan,nan,nan,nan,nan,nan,nan,nan,nan,nan,nan,nan,nan,nan,nan,nan,nan,nan,nan,nan,nan,nan,nan,nan,nan,nan,nan,nan,nan,nan,nan,nan,"[37, 1, 'Oct', 0, None, None]","[114, 1, 'Nov', 0, None, None]","[110, 1, 'Nov', 0, None, None]","[71, 1, 'Jan', 0, None, None]","[152, 1, 'Mar', 0, None, None]","[93, 1, 'Jan', 0, None, None]","[36, 1, 'Dec', 0, None, None]",nan,"[54, 1, 'Mar', 0, None, None]","[55, 1, 'Oct', 0, None, None]","[85, 1, 'Feb', 0, None, None]","[75, 1, 'Nov', 0, None, None]",nan,"[31, 1, 'Nov', 0, None, None]","[65, 1, 'Feb', 0, None, None]","[69, 1, 'Feb', 0, None, None]","[80, 1, 'Nov', 0, None, None]","[77, 1, 'Jan', 0, None, None]","[35, 1, 'Feb', 0, None, None]","[72, 1, 'Mar', 0, None, None]","[11, 1, 'Dec', 0, None, None]","[34, 1, 'Jan', 0, None, None]","[40, 1, 'Mar', 0, None, None]","[49, 1, 'Jan', 0, None, None]","[45, 1, 'Nov', 0, None, None]","[34, 1, 'Nov', 0, None, None]","[14, 1, 'Nov', 0, None, None]","[40, 2, 'Nov', 0, None, None]","[104, 1, 'Dec', 0, None, None]","[61, 1, 'Nov', 0, None, None]","[54, 1, 'Feb', 0, None, None]","[39, 2, 'Feb', 0, None, None]","[29, 1, 'Feb', 0, None, None]","[28, 1, 'Dec', 0, None, None]","[9, 1, 'Mar', 0, None, None]","[60, 1, 'Mar', 0, None, None]","[39, 1, 'Dec', 0, None, None]","[34, 1, 'Dec', 0, None, None]","[44, 1, 'Mar', 0, None, None]","[54, 1, 'Dec', 0, None, None]","[84, 1, 'Feb', 0, None, None]","[83, 1, 'Mar', 0, None, None]","[61, 1, 'Dec', 0, None, None]","[64, 1, 'Mar', 0, None, None]","[38, 1, 'Feb', 0, None, None]","[70, 1, 'Nov', 0, None, None]","[32, 1, 'Dec', 0, None, None]",2020-01-19 18:07:45
Dee Mouth to Don Mouth,nan,nan,nan,nan,nan,nan,nan,nan,nan,nan,nan,nan,nan,nan,nan,nan,nan,nan,nan,nan,nan,nan,nan,nan,nan,nan,nan,nan,nan,nan,nan,nan,nan,nan,nan,nan,nan,nan,nan,nan,nan,nan,nan,nan,nan,nan,nan,nan,nan,nan,nan,nan,nan,nan,nan,nan,nan,nan,nan,nan,nan,nan,nan,"[0, 2, '', 0, None, None]","[0, 1, '', 0, None, None]",nan,nan,nan,nan,"[8, 2, 'Jan', 0, None, None]","[31, 2, 'Mar', 0, None, None]","[6, 1, 'Dec', 0, None, None]","[43, 2, 'Nov', 0, None, None]","[55, 1, 'Feb', 0, None, None]","[120, 1, 'Apr', 0, None, None]",nan,nan,nan,nan,"[12, 1, 'May', 0, None, None]","[14, 1, 'Nov', 0, None, None]","[70, 1, 'Dec', 0, None, None]","[107, 1, 'Dec', 0, None, None]",2020-01-19 18:07:45
Dornoch Firth,nan,nan,nan,nan,nan,nan,nan,nan,nan,nan,nan,nan,nan,nan,nan,nan,nan,nan,nan,nan,nan,nan,nan,nan,nan,nan,nan,nan,nan,nan,nan,nan,nan,nan,nan,"[0, 1, '', 0, None, None]","[2, 1, 'Jan', 0, None, None]","[23, 1, 'Nov', 0, None, None]","[9, 1, 'Nov', 0, None, None]","[15, 1, 'Nov', 0, None, None]",nan,nan,"[50, 1, 'Jan', 0, None, None]",nan,"[0, 1, '', 0, None, None]","[0, 1, '', 0, None, None]","[0, 1, '', 0, None, None]","[0, 1, '', 0, None, None]","[0, 1, '', 0, None, None]","[0, 2, '', 0, None, None]","[12, 1, 'Jan', 0, None, None]","[200, 1, 'Jan', 0, None, None]","[15, 1, 'Feb', 0, None, None]","[73, 1, 'Feb', 0, None, None]","[70, 1, 'Dec', 0, None, None]","[84, 1, 'Feb', 0, None, None]","[72, 1, 'Dec', 0, None, None]","[76, 1, 'Jan', 0, None, None]","[60, 1, 'Feb', 0, None, None]","[7, 2, 'Feb', 0, None, None]","[35, 1, 'Jan', 0, None, None]","[52, 1, 'Jan', 0, None, None]","[53, 1, 'Jan', 0, None, None]","[36, 1, 'Dec', 0, None, None]","[82, 1, 'Dec', 0, None, None]","[26, 1, 'Jan', 0, None, None]","[66, 1, 'Dec', 1, 'Standard visit under the WeBS Low Tide Count Survey', 'WeBS']","[23, 1, 'Feb', 0, None, None]","[27, 1, 'Jan', 0, None, None]","[19, 1, 'Dec', 0, None, None]","[32, 1, 'Jan', 0, None, None]","[20, 1, 'Dec', 0, None, None]","[123, 1, 'Feb', 0, None, None]","[136, 1, 'Jan', 0, None, None]","[88, 1, 'Jan', 0, None, None]","[77, 1, 'Dec', 0, None, None]","[72, 1, 'Dec', 0, None, None]","[70, 1, 'Feb', 0, None, None]","[88, 1, 'Jan', 0, None, None]","[31, 1, 'Dec', 0, None, None]","[65, 1, 'Jan', 0, None, None]","[43, 1, 'Jan', 0, None, None]","[27, 1, 'Feb', 0, None, None]",2020-01-19 18:07:45
Moray Coast,nan,nan,nan,nan,nan,nan,nan,nan,nan,nan,nan,nan,nan,nan,nan,nan,nan,nan,nan,nan,nan,nan,nan,nan,nan,nan,nan,nan,nan,nan,nan,nan,nan,nan,nan,nan,nan,nan,nan,nan,nan,nan,nan,nan,nan,nan,nan,nan,nan,nan,"[12, 1, 'Oct', 0, None, None]","[224, 1, 'Feb', 0, None, None]","[517, 1, 'Feb', 0, None, None]","[315, 1, 'Feb', 0, None, None]","[453, 1, 'Dec', 0, None, None]","[407, 1, 'Feb', 0, None, None]","[296, 1, 'Dec', 0, None, None]","[240, 1, 'Feb', 0, None, None]","[264, 1, 'Dec', 0, None, None]","[271, 1, 'Dec', 0, None, None]","[268, 1, 'Jan', 0, None, None]","[223, 1, 'Dec', 0, None, None]","[219, 1, 'Dec', 0, None, None]","[178, 1, 'Jan', 0, None, None]","[129, 1, 'Jan', 0, None, None]","[158, 1, 'Feb', 0, None, None]","[144, 1, 'Dec', 0, None, None]","[89, 1, 'Dec', 0, None, None]","[127, 1, 'Jan', 0, None, None]","[134, 1, 'Dec', 0, None, None]","[118, 1, 'Dec', 0, None, None]","[67, 1, 'Jan', 0, None, None]","[229, 1, 'Feb', 0, None, None]","[199, 1, 'Dec', 0, None, None]","[88, 1, 'Jan', 0, None, None]","[77, 1, 'Jan', 0, None, None]","[82, 1, 'Dec', 0, None, None]","[104, 1, 'Dec', 0, None, None]","[57, 1, 'Dec', 0, None, None]","[31, 1, 'Dec', 0, None, None]","[49, 1, 'Jan', 0, None, None]","[42, 1, 'Jan', 0, None, None]","[44, 1, 'Dec', 0, None, None]",2020-01-19 18:07:45
Tees Estuary,nan,nan,nan,nan,nan,nan,nan,nan,nan,nan,nan,nan,nan,nan,nan,nan,nan,nan,nan,nan,nan,nan,nan,nan,nan,nan,nan,nan,nan,nan,nan,nan,nan,nan,nan,"[25, 1, 'Dec', 0, None, None]","[5, 1, 'Dec', 0, None, None]","[26, 1, 'Mar', 0, None, None]","[27, 1, 'Feb', 0, None, None]","[21, 1, 'Jan', 0, None, None]","[25, 1, 'Mar', 0, None, None]","[51, 1, 'Feb', 0, None, None]","[30, 1, 'Mar', 0, None, None]","[14, 1, 'Feb', 0, None, None]","[19, 1, 'Feb', 0, None, None]","[18, 1, 'Mar', 0, None, None]","[22, 1, 'Mar', 0, None, None]","[228, 1, 'Dec', 0, None, None]","[50, 1, 'Dec', 0, None, None]","[45, 1, 'Feb', 0, None, None]","[33, 1, 'Jan', 0, None, None]","[70, 1, 'Mar', 0, None, None]","[384, 1, 'Feb', 0, None, None]","[347, 1, 'Mar', 0, None, None]","[245, 1, 'Mar', 0, None, None]","[261, 1, 'Feb', 0, None, None]","[180, 1, 'Nov', 0, None, None]","[191, 1, 'Apr', 0, None, None]","[161, 1, 'Apr', 0, None, None]","[152, 1, 'Mar', 0, None, None]","[177, 1, 'Nov', 0, None, None]","[155, 1, 'Mar', 0, None, None]","[166, 1, 'Jan', 0, None, None]","[202, 1, 'Nov', 0, None, None]","[137, 1, 'Dec', 0, None, None]","[129, 1, 'Apr', 1, 'Supplementary visit under the  WeBS Core Count Survey', 'WeBS']","[89, 1, 'Nov', 0, None, None]","[93, 1, 'Mar', 0, None, None]","[110, 1, 'Dec', 0, None, None]","[104, 1, 'Apr', 0, None, None]","[22, 1, 'Feb', 0, None, None]","[52, 1, 'Jan', 0, None, None]","[41, 1, 'Dec', 0, None, None]","[38, 1, 'Feb', 0, None, None]","[42, 1, 'Nov', 0, None, None]","[83, 1, 'Mar', 0, None, None]","[79, 1, 'Apr', 0, None, None]","[74, 1, 'Dec', 0, None, None]","[59, 1, 'Feb', 0, None, None]","[61, 1, 'Feb', 0, None, None]","[36, 1, 'Dec', 0, None, None]","[45, 1, 'Dec', 0, None, None]","[26, 1, 'Nov', 0, None, None]",2020-01-19 18:07:45
Filey Bay,nan,nan,nan,nan,nan,nan,nan,nan,nan,nan,nan,nan,nan,nan,nan,nan,nan,nan,nan,nan,nan,nan,nan,nan,nan,nan,nan,nan,nan,nan,nan,nan,nan,nan,nan,nan,nan,nan,nan,nan,nan,nan,nan,nan,nan,nan,nan,nan,"[24, 1, 'Jan', 0, None, None]",nan,nan,nan,nan,nan,nan,nan,nan,nan,"[30, 1, 'Mar', 0, None, None]","[80, 1, 'Mar', 0, None, None]","[25, 1, 'Nov', 0, None, None]","[34, 1, 'Mar', 0, None, None]","[22, 1, 'Nov', 0, None, None]","[30, 1, 'Jan', 0, None, None]","[45, 1, 'Dec', 0, None, None]",nan,nan,nan,nan,"[21, 1, 'Jan', 0, None, None]","[10, 1, 'Jan', 0, None, None]",nan,"[21, 1, 'Jan', 0, None, None]","[22, 1, 'Jan', 0, None, None]","[9, 1, 'Jan', 0, None, None]","[16, 1, 'Jan', 0, None, None]","[43, 1, 'Jan', 0, None, None]","[31, 1, 'Mar', 1, 'Supplementary roost count under the WeBS Core Count Survey', 'WeBS']","[18, 1, 'Jan', 0, None, None]","[29, 1, 'Dec', 0, None, None]","[84, 1, 'Feb', 0, None, None]",nan,nan,2020-01-19 18:07:45
Balintore to Shandwick,nan,nan,nan,nan,nan,nan,nan,nan,nan,nan,nan,nan,nan,nan,nan,nan,nan,nan,nan,nan,nan,nan,nan,nan,nan,nan,nan,nan,nan,nan,nan,nan,nan,nan,nan,nan,nan,nan,nan,nan,nan,nan,nan,nan,nan,nan,nan,nan,nan,nan,nan,nan,nan,nan,nan,nan,nan,nan,"[40, 1, 'Feb', 0, None, None]","[6, 2, 'Feb', 0, None, None]","[1, 2, 'Feb', 0, None, None]","[35, 1, 'Feb', 0, None, None]","[30, 1, 'Dec', 0, None, None]","[56, 1, 'Jan', 0, None, None]","[60, 1, 'Feb', 0, None, None]","[27, 1, 'Jan', 0, None, None]","[17, 1, 'Jan', 0, None, None]","[33, 1, 'Jan', 0, None, None]","[76, 1, 'Jan', 0, None, None]","[18, 1, 'Dec', 0, None, None]","[40, 1, 'Dec', 0, None, None]","[30, 1, 'Oct', 0, None, None]","[52, 1, 'Jan', 0, None, None]","[0, 2, '', 0, None, None]","[54, 1, 'Jan', 0, None, None]","[61, 1, 'Dec', 0, None, None]","[41, 1, 'Feb', 0, None, None]","[52, 1, 'Dec', 0, None, None]","[35, 1, 'Mar', 1, 'Supplementary visit under the  WeBS Core Count Survey', 'WeBS']","[40, 1, 'Feb', 0, None, None]","[41, 1, 'Dec', 0, None, None]","[63, 1, 'Jan', 0, None, None]","[36, 1, 'Feb', 0, None, None]",2020-01-19 18:07:45
Loch Fleet Complex,nan,nan,nan,nan,nan,nan,nan,nan,nan,nan,nan,nan,nan,nan,nan,nan,nan,nan,nan,nan,nan,nan,nan,nan,nan,nan,nan,nan,nan,nan,nan,nan,nan,nan,nan,"[0, 1, '', 0, None, None]","[35, 1, 'Mar', 0, None, None]","[45, 1, 'Mar', 0, None, None]","[58, 1, 'Mar', 0, None, None]","[65, 1, 'Nov', 0, None, None]","[44, 1, 'Jan', 0, None, None]","[146, 1, 'Mar', 0, None, None]","[130, 1, 'Jan', 0, None, None]","[140, 1, 'Dec', 0, None, None]","[60, 1, 'Apr', 0, None, None]","[100, 1, 'Jan', 0, None, None]","[125, 1, 'Dec', 0, None, None]","[124, 1, 'Mar', 0, None, None]","[0, 1, '', 0, None, None]","[120, 1, 'Jan', 0, None, None]","[85, 1, 'Dec', 0, None, None]","[75, 1, 'Feb', 0, None, None]","[64, 1, 'Dec', 0, None, None]","[19, 1, 'Dec', 0, None, None]","[27, 1, 'Feb', 0, None, None]","[59, 1, 'Feb', 0, None, None]","[46, 1, 'Feb', 0, None, None]","[50, 1, 'Dec', 0, None, None]","[15, 1, 'Dec', 0, None, None]","[2, 1, 'Jan', 0, None, None]","[19, 2, 'Feb', 0, None, None]","[29, 1, 'Feb', 0, None, None]","[33, 1, 'Feb', 0, None, None]","[63, 1, 'Jan', 0, None, None]","[52, 1, 'Dec', 0, None, None]","[63, 1, 'Jan', 0, None, None]","[76, 1, 'Dec', 0, None, None]","[66, 1, 'Jan', 0, None, None]","[92, 1, 'Dec', 0, None, None]","[90, 1, 'Dec', 0, None, None]","[52, 1, 'Dec', 0, None, None]","[46, 1, 'Jan', 0, None, None]","[96, 1, 'Jan', 0, None, None]","[75, 1, 'Dec', 0, None, None]","[40, 1, 'Dec', 0, None, None]","[59, 1, 'Jan', 0, None, None]","[45, 1, 'Jan', 0, None, None]","[40, 2, 'Jan', 0, None, None]","[37, 2, 'Dec', 0, None, None]","[45, 1, 'Dec', 0, None, None]","[55, 1, 'Jan', 0, None, None]","[55, 1, 'Jan', 0, None, None]","[18, 1, 'Dec', 0, None, None]",2020-01-19 18:07:45
Workington Harbour,nan,nan,nan,nan,nan,nan,nan,nan,nan,nan,nan,nan,nan,nan,nan,nan,nan,nan,nan,nan,nan,nan,nan,nan,nan,nan,nan,nan,nan,nan,nan,nan,nan,nan,nan,nan,nan,nan,nan,nan,nan,nan,nan,nan,nan,nan,nan,nan,nan,nan,nan,nan,nan,nan,nan,nan,nan,nan,nan,nan,nan,nan,nan,nan,nan,nan,nan,nan,nan,nan,nan,nan,nan,nan,nan,nan,"[39, 1, 'Dec', 0, None, None]","[42, 1, 'Jan', 0, None, None]","[51, 1, 'Feb', 0, None, None]","[32, 1, 'Jan', 0, None, None]","[46, 1, 'Nov', 0, None, None]",nan,nan,2020-01-19 18:07:45
Bridlington Bay,nan,nan,nan,nan,nan,nan,nan,nan,nan,nan,nan,nan,nan,nan,nan,nan,nan,nan,nan,nan,nan,nan,nan,nan,nan,nan,nan,nan,nan,nan,nan,nan,nan,nan,nan,nan,nan,nan,nan,nan,nan,nan,nan,nan,nan,nan,nan,nan,nan,nan,nan,nan,nan,nan,nan,nan,nan,nan,nan,"[25, 1, 'Apr', 0, None, None]","[27, 1, 'Feb', 0, None, None]","[42, 2, 'Apr', 0, None, None]","[30, 2, 'Feb', 0, None, None]","[27, 2, 'Feb', 0, None, None]","[38, 2, 'Nov', 0, None, None]",nan,nan,"[50, 1, 'Dec', 1, 'Supplementary visit under the  WeBS Core Count Survey', 'WeBS']",nan,nan,"[0, 1, '', 0, None, None]","[19, 1, 'Jan', 0, None, None]",nan,"[50, 1, 'Nov', 1, 'Supplementary visit under the  WeBS Core Count Survey', 'WeBS']",nan,"[0, 1, '', 0, None, None]",nan,"[52, 1, 'Jan', 0, None, None]","[48, 1, 'Jan', 1, 'Supplementary roost count under the WeBS Core Count Survey', 'WeBS']","[42, 1, 'Dec', 1, 'Supplementary roost count under the WeBS Core Count Survey', 'WeBS']","[48, 1, 'Dec', 1, 'Supplementary roost count under the WeBS Core Count Survey', 'WeBS']","[31, 1, 'Mar', 1, 'Supplementary visit under the  WeBS Core Count Survey', 'WeBS']","[31, 1, 'Dec', 1, 'Supplementary visit under the  WeBS Core Count Survey', 'WeBS']",2020-01-19 18:07:45
Melby,nan,nan,nan,nan,nan,nan,nan,nan,nan,nan,nan,nan,nan,nan,nan,nan,nan,nan,nan,nan,nan,nan,nan,nan,nan,nan,nan,nan,nan,nan,nan,nan,nan,nan,nan,nan,nan,nan,nan,nan,nan,nan,nan,nan,nan,nan,nan,nan,nan,nan,nan,nan,nan,nan,nan,nan,nan,nan,nan,nan,nan,nan,nan,nan,"[31, 1, 'Apr', 0, None, None]","[16, 1, 'Nov', 0, None, None]","[26, 1, 'Jan', 0, None, None]","[77, 1, 'Dec', 0, None, None]","[81, 1, 'Nov', 0, None, None]","[7, 1, 'Dec', 0, None, None]","[0, 1, '', 0, None, None]","[24, 1, 'Mar', 0, None, None]","[85, 1, 'Nov', 0, None, None]","[37, 1, 'Nov', 0, None, None]","[5, 1, 'Feb', 0, None, None]","[12, 1, 'Mar', 0, None, None]","[39, 1, 'Jan', 0, None, None]","[41, 1, 'Nov', 0, None, None]","[40, 1, 'Dec', 0, None, None]","[71, 1, 'Feb', 0, None, None]","[7, 1, 'Mar', 0, None, None]","[38, 1, 'Jan', 0, None, None]",nan,2020-01-19 18:07:45
Thurso Bay,nan,nan,nan,nan,nan,nan,nan,nan,nan,nan,nan,nan,nan,nan,nan,nan,nan,nan,nan,nan,nan,nan,nan,nan,nan,nan,nan,nan,nan,nan,nan,nan,nan,nan,nan,nan,nan,nan,nan,nan,nan,nan,nan,nan,nan,nan,nan,nan,nan,nan,nan,nan,nan,nan,nan,nan,nan,nan,nan,nan,"[60, 1, 'Jan', 0, None, None]",nan,nan,nan,"[120, 2, 'Feb', 0, None, None]",nan,nan,"[37, 1, 'Dec', 0, None, None]","[97, 1, 'Mar', 0, None, None]","[120, 1, 'Nov', 0, None, None]","[28, 1, 'Mar', 0, None, None]","[50, 1, 'Feb', 1, 'Supplementary visit under the  WeBS Core Count Survey', 'WeBS']","[160, 1, 'Jan', 0, None, None]","[170, 1, 'Jan', 0, None, None]","[88, 1, 'Dec', 0, None, None]","[70, 1, 'Nov', 0, None, None]","[80, 1, 'Mar', 0, None, None]","[5, 1, 'Nov', 0, None, None]","[45, 1, 'Dec', 0, None, None]","[60, 1, 'Mar', 0, None, None]","[25, 1, 'Feb', 0, None, None]","[0, 1, '', 0, None, None]","[62, 1, 'Feb', 1, 'Supplementary visit under the  WeBS Core Count Survey', 'WeBS']",2020-01-19 18:07:45
Durham Coast,nan,nan,nan,nan,nan,nan,nan,nan,nan,nan,nan,nan,nan,nan,nan,nan,nan,nan,nan,nan,nan,nan,nan,nan,nan,nan,nan,nan,nan,nan,nan,nan,nan,nan,nan,nan,nan,nan,nan,nan,nan,nan,nan,nan,nan,nan,nan,nan,nan,nan,nan,nan,nan,nan,nan,nan,"[212, 1, 'Mar', 0, None, None]","[363, 1, 'Feb', 0, None, None]","[290, 2, 'Apr', 0, None, None]","[163, 2, 'Feb', 0, None, None]","[163, 1, 'Feb', 0, None, None]","[153, 1, 'Feb', 0, None, None]","[161, 2, 'Dec', 0, None, None]","[132, 2, 'Feb', 0, None, None]","[122, 1, 'Dec', 0, None, None]","[21, 1, 'Feb', 0, None, None]","[1, 2, 'Nov', 0, None, None]","[0, 1, '', 0, None, None]","[21, 2, 'Jan', 0, None, None]","[55, 1, 'Mar', 0, None, None]","[57, 1, 'Jan', 0, None, None]","[55, 2, 'Feb', 0, None, None]","[0, 1, '', 0, None, None]","[49, 1, 'Apr', 0, None, None]","[62, 1, 'Apr', 0, None, None]","[51, 1, 'Oct', 0, None, None]","[68, 1, 'Nov', 0, None, None]","[29, 1, 'May', 0, None, None]","[65, 1, 'Apr', 0, None, None]","[59, 1, 'Apr', 0, None, None]","[39, 1, 'Apr', 0, None, None]","[6, 1, 'Jan', 0, None, None]","[15, 1, 'Nov', 0, None, None]",2020-01-19 18:07:45
St Bees Head to Mawbray,nan,nan,nan,nan,nan,nan,nan,nan,nan,nan,nan,nan,nan,nan,nan,nan,nan,nan,nan,nan,nan,nan,nan,nan,nan,nan,nan,nan,nan,nan,nan,nan,nan,nan,nan,"[0, 1, '', 0, None, None]","[0, 1, '', 0, None, None]","[0, 1, '', 0, None, None]","[8, 1, 'Mar', 0, None, None]","[24, 1, 'Sep', 0, None, None]","[4, 1, 'Jan', 0, None, None]","[6, 1, 'Oct', 0, None, None]",nan,nan,nan,nan,nan,nan,"[53, 1, 'Jan', 0, None, None]","[45, 1, 'Dec', 0, None, None]","[40, 1, 'Feb', 0, None, None]","[0, 2, '', 0, None, None]","[15, 1, 'Nov', 0, None, None]","[0, 2, '', 0, None, None]","[0, 2, '', 0, None, None]","[17, 1, 'Jan', 0, None, None]","[21, 1, 'Feb', 0, None, None]","[0, 1, '', 0, None, None]","[0, 1, '', 0, None, None]","[0, 1, '', 0, None, None]","[0, 1, '', 0, None, None]","[6, 1, 'Mar', 0, None, None]","[0, 1, '', 0, None, None]","[5, 1, 'Mar', 0, None, None]","[44, 1, 'Nov', 0, None, None]",nan,"[0, 2, '', 0, None, None]","[3, 1, 'Jan', 0, None, None]","[0, 2, '', 0, None, None]","[0, 1, '', 0, None, None]","[22, 1, 'Dec', 0, None, None]","[1, 1, 'Mar', 0, None, None]","[0, 1, '', 0, None, None]","[0, 1, '', 0, None, None]","[0, 1, '', 0, None, None]","[0, 1, '', 0, None, None]","[53, 1, 'Dec', 0, None, None]","[64, 1, 'Jan', 0, None, None]","[59, 1, 'Feb', 0, None, None]","[46, 1, 'Jan', 0, None, None]","[48, 1, 'Nov', 0, None, None]","[19, 1, 'Jan', 0, None, None]","[10, 1, 'Feb', 0, None, None]",2020-01-19 18:07:45
Cresswell to Newbiggin,nan,nan,nan,nan,nan,nan,nan,nan,nan,nan,nan,nan,nan,nan,nan,nan,nan,nan,nan,nan,nan,nan,nan,nan,nan,nan,nan,nan,nan,nan,nan,nan,nan,nan,nan,nan,nan,nan,nan,nan,nan,nan,nan,nan,nan,nan,nan,nan,nan,nan,"[0, 1, '', 0, None, None]","[17, 1, 'Feb', 0, None, None]","[30, 1, 'Jan', 0, None, None]","[62, 1, 'Mar', 0, None, None]","[7, 1, 'Mar', 0, None, None]","[7, 1, 'Oct', 0, None, None]","[91, 1, 'Mar', 0, None, None]","[20, 1, 'Jan', 0, None, None]","[4, 1, 'Mar', 0, None, None]","[2, 2, 'Nov', 0, None, None]","[2, 1, 'Jan', 0, None, None]","[7, 2, 'Dec', 0, None, None]","[7, 1, 'Apr', 0, None, None]","[6, 2, 'Apr', 0, None, None]","[12, 1, 'Apr', 0, None, None]","[2, 1, 'Aug', 0, None, None]","[10, 1, 'Nov', 0, None, None]","[13, 1, 'Mar', 0, None, None]","[2, 1, 'Jan', 0, None, None]","[15, 1, 'Dec', 0, None, None]","[5, 1, 'Dec', 0, None, None]","[7, 1, 'Feb', 0, None, None]","[23, 1, 'Feb', 0, None, None]","[22, 1, 'Dec', 0, None, None]","[7, 1, 'Mar', 0, None, None]","[5, 1, 'Nov', 0, None, None]","[16, 1, 'Apr', 0, None, None]","[8, 1, 'Feb', 0, None, None]","[7, 1, 'Nov', 0, None, None]","[42, 1, 'Apr', 0, None, None]","[35, 1, 'Nov', 0, None, None]","[23, 1, 'Nov', 0, None, None]","[41, 1, 'Dec', 0, None, None]",2020-01-19 18:07:45
Berwick North Shore,nan,nan,nan,nan,nan,nan,nan,nan,nan,nan,nan,nan,nan,nan,nan,nan,nan,nan,nan,nan,nan,nan,nan,nan,nan,nan,nan,nan,nan,nan,nan,nan,nan,nan,nan,nan,nan,nan,nan,nan,nan,nan,nan,nan,nan,nan,nan,nan,nan,nan,nan,nan,nan,nan,nan,nan,nan,nan,"[20, 2, 'Dec', 0, None, None]","[2, 2, 'Feb', 0, None, None]","[1, 2, 'Dec', 0, None, None]","[0, 1, '', 0, None, None]","[3, 1, 'Mar', 0, None, None]","[0, 1, '', 0, None, None]","[0, 1, '', 0, None, None]","[4, 1, 'Jan', 0, None, None]","[1, 1, 'Nov', 0, None, None]","[0, 1, '', 0, None, None]","[5, 1, 'Nov', 0, None, None]","[1, 1, 'Feb', 0, None, None]","[0, 1, '', 0, None, None]","[1, 1, 'Feb', 0, None, None]","[1, 1, 'Feb', 0, None, None]","[25, 1, 'Jan', 1, 'Supplementary visit under the  WeBS Core Count Survey', 'WeBS']","[22, 1, 'Nov', 1, 'Supplementary visit under the  WeBS Core Count Survey', 'WeBS']","[44, 1, 'Feb', 0, None, None]","[28, 1, 'Mar', 0, None, None]","[68, 1, 'Nov', 0, None, None]","[42, 2, 'Feb', 0, None, None]","[18, 1, 'Nov', 0, None, None]","[26, 1, 'Mar', 0, None, None]","[52, 1, 'Dec', 0, None, None]","[1, 1, 'Dec', 0, None, None]",2020-01-19 18:07:45
Outer Ards Shoreline,nan,nan,nan,nan,nan,nan,nan,nan,nan,nan,nan,nan,nan,nan,nan,nan,nan,nan,nan,nan,nan,nan,nan,nan,nan,nan,nan,nan,nan,nan,nan,nan,nan,nan,nan,nan,nan,nan,nan,nan,nan,nan,nan,nan,nan,nan,nan,nan,nan,nan,"[94, 1, 'Feb', 0, None, None]","[117, 1, 'Dec', 0, None, None]","[117, 1, 'Feb', 0, None, None]","[142, 1, 'Jan', 0, None, None]","[156, 1, 'Feb', 0, None, None]","[85, 1, 'Jan', 0, None, None]","[88, 1, 'Dec', 0, None, None]","[72, 1, 'Jan', 0, None, None]","[60, 2, 'Feb', 0, None, None]","[64, 1, 'Jan', 0, None, None]","[48, 2, 'Jan', 0, None, None]","[89, 1, 'Mar', 0, None, None]","[49, 1, 'Dec', 0, None, None]","[147, 1, 'Feb', 0, None, None]","[100, 1, 'Nov', 0, None, None]","[82, 1, 'Nov', 0, None, None]",nan,"[122, 1, 'Jan', 0, None, None]","[83, 1, 'Jan', 0, None, None]","[84, 1, 'Mar', 0, None, None]","[60, 1, 'Mar', 0, None, None]","[122, 1, 'Mar', 0, None, None]","[66, 1, 'Jan', 0, None, None]","[85, 1, 'Jan', 0, None, None]","[45, 1, 'Nov', 0, None, None]","[80, 1, 'Jan', 0, None, None]","[43, 1, 'Jan', 0, None, None]","[58, 1, 'Nov', 0, None, None]","[19, 1, 'Jan', 0, None, None]","[23, 1, 'Jan', 0, None, None]","[23, 1, 'Nov', 0, None, None]","[50, 1, 'Jan', 0, None, None]","[21, 1, 'Feb', 0, None, None]",2020-01-19 18:07:45
Ayr to North Troon,nan,nan,nan,nan,nan,nan,nan,nan,nan,nan,nan,nan,nan,nan,nan,nan,nan,nan,nan,nan,nan,nan,nan,nan,nan,nan,nan,nan,nan,nan,nan,nan,nan,nan,nan,"[31, 1, 'Nov', 0, None, None]","[36, 1, 'Jan', 0, None, None]","[70, 1, 'May', 0, None, None]","[92, 1, 'May', 0, None, None]","[102, 1, 'Mar', 0, None, None]","[74, 1, 'Jan', 0, None, None]","[21, 1, 'Feb', 0, None, None]","[14, 1, 'Jan', 0, None, None]","[13, 1, 'Dec', 0, None, None]","[8, 1, 'Dec', 0, None, None]","[6, 1, 'Dec', 0, None, None]","[79, 1, 'Dec', 0, None, None]","[47, 1, 'Dec', 0, None, None]","[53, 1, 'Feb', 0, None, None]","[26, 1, 'Feb', 0, None, None]","[12, 1, 'Jan', 0, None, None]","[14, 1, 'Jan', 0, None, None]","[46, 1, 'Feb', 0, None, None]","[28, 1, 'Feb', 0, None, None]","[67, 1, 'Jan', 0, None, None]","[71, 1, 'Jan', 0, None, None]","[16, 1, 'Feb', 0, None, None]","[2, 1, 'Nov', 0, None, None]","[10, 1, 'Nov', 0, None, None]","[8, 1, 'Nov', 0, None, None]","[17, 1, 'Jan', 0, None, None]","[66, 1, 'Feb', 0, None, None]","[36, 1, 'Feb', 0, None, None]","[21, 1, 'Feb', 0, None, None]","[26, 1, 'Dec', 0, None, None]","[76, 2, 'Feb', 0, None, None]","[62, 1, 'Jan', 0, None, None]","[57, 2, 'Nov', 0, None, None]","[86, 2, 'Jan', 0, None, None]","[81, 2, 'Dec', 0, None, None]","[36, 1, 'Dec', 0, None, None]","[20, 1, 'Jan', 0, None, None]","[24, 1, 'Jan', 0, None, None]","[15, 1, 'Oct', 0, None, None]","[10, 1, 'Nov', 0, None, None]","[0, 1, '', 0, None, None]","[0, 1, '', 0, None, None]","[9, 1, 'Feb', 0, None, None]","[25, 1, 'Feb', 0, None, None]","[26, 1, 'Apr', 0, None, None]","[14, 1, 'Feb', 0, None, None]","[53, 1, 'Dec', 0, None, None]","[5, 1, 'Feb', 0, None, None]",2020-01-19 18:07:45
Boulmer to Howick,nan,nan,nan,nan,nan,nan,nan,nan,nan,nan,nan,nan,nan,nan,nan,nan,nan,nan,nan,nan,nan,nan,nan,nan,nan,nan,nan,nan,nan,nan,nan,nan,nan,nan,nan,nan,nan,nan,nan,nan,"[0, 1, '', 0, None, None]","[0, 1, '', 0, None, None]","[0, 1, '', 0, None, None]","[0, 1, '', 0, None, None]","[3, 1, 'Dec', 0, None, None]","[7, 1, 'Jan', 0, None, None]","[8, 1, 'Apr', 0, None, None]","[36, 1, 'Apr', 0, None, None]","[20, 1, 'Dec', 0, None, None]","[25, 1, 'Jan', 0, None, None]","[3, 1, 'Feb', 0, None, None]","[40, 1, 'Apr', 0, None, None]","[30, 1, 'Apr', 0, None, None]","[3, 1, 'Mar', 0, None, None]","[14, 1, 'Feb', 0, None, None]","[10, 1, 'Mar', 0, None, None]","[7, 1, 'Mar', 0, None, None]","[7, 1, 'Nov', 0, None, None]","[4, 1, 'Dec', 0, None, None]","[0, 1, '', 0, None, None]","[0, 1, '', 0, None, None]","[5, 1, 'Apr', 0, None, None]","[0, 1, '', 0, None, None]","[5, 2, 'Dec', 0, None, None]","[0, 1, '', 0, None, None]","[3, 1, 'Nov', 0, None, None]","[0, 1, '', 0, None, None]","[0, 1, '', 0, None, None]","[13, 2, 'Mar', 0, None, None]","[3, 1, 'Nov', 0, None, None]","[14, 1, 'Feb', 0, None, None]","[15, 1, 'Jan', 0, None, None]","[6, 2, 'Jan', 0, None, None]","[24, 1, 'Mar', 0, None, None]","[3, 1, 'Mar', 0, None, None]","[3, 1, 'Dec', 0, None, None]","[19, 1, 'Dec', 0, None, None]","[6, 2, 'Feb', 0, None, None]","[44, 1, 'Feb', 0, None, None]","[11, 1, 'Dec', 0, None, None]","[12, 2, 'Mar', 0, None, None]","[8, 2, 'Apr', 0, None, None]","[21, 1, 'Dec', 0, None, None]",2020-01-19 18:07:45
Orwell Estuary,nan,nan,nan,nan,nan,nan,nan,nan,nan,nan,nan,nan,nan,nan,nan,nan,nan,nan,nan,nan,nan,nan,nan,nan,nan,nan,nan,nan,nan,nan,nan,nan,nan,nan,nan,nan,nan,"[0, 1, '', 0, None, None]","[0, 1, '', 0, None, None]","[0, 1, '', 0, None, None]","[0, 2, '', 0, None, None]","[0, 1, '', 0, None, None]","[0, 1, '', 0, None, None]","[0, 1, '', 0, None, None]","[0, 1, '', 0, None, None]","[0, 2, '', 0, None, None]","[0, 1, '', 0, None, None]","[0, 1, '', 0, None, None]","[0, 1, '', 0, None, None]","[1, 1, 'Nov', 0, None, None]","[0, 1, '', 0, None, None]","[0, 1, '', 0, None, None]","[0, 1, '', 0, None, None]","[0, 1, '', 0, None, None]","[0, 1, '', 0, None, None]","[0, 1, '', 0, None, None]","[0, 2, '', 0, None, None]","[0, 1, '', 0, None, None]","[0, 1, '', 0, None, None]","[0, 1, '', 0, None, None]","[0, 1, '', 0, None, None]","[1, 1, 'Oct', 0, None, None]","[0, 1, '', 0, None, None]","[0, 1, '', 0, None, None]","[0, 1, '', 0, None, None]","[0, 1, '', 0, None, None]","[0, 1, '', 0, None, None]","[0, 1, '', 0, None, None]","[0, 1, '', 0, None, None]","[0, 1, '', 0, None, None]","[0, 1, '', 0, None, None]","[0, 1, '', 0, None, None]","[1, 1, 'Feb', 0, None, None]","[2, 1, 'Dec', 0, None, None]","[1, 1, 'Jan', 0, None, None]","[1, 1, 'Feb', 0, None, None]","[2, 1, 'Dec', 0, None, None]","[0, 1, '', 0, None, None]","[1, 1, 'Oct', 0, None, None]","[0, 1, '', 0, None, None]","[0, 1, '', 0, None, None]","[0, 1, '', 0, None, None]","[125, 1, 'Oct', 0, None, None]",2020-01-19 18:07:45
Whitley Bay,nan,nan,nan,nan,nan,nan,nan,nan,nan,nan,nan,nan,nan,nan,nan,nan,nan,nan,nan,nan,nan,nan,nan,nan,nan,nan,nan,nan,nan,nan,nan,nan,nan,nan,nan,nan,nan,nan,nan,nan,nan,nan,nan,nan,nan,nan,nan,nan,nan,nan,nan,nan,nan,nan,nan,nan,nan,nan,nan,nan,nan,nan,nan,nan,nan,nan,nan,"[24, 1, 'Mar', 0, None, None]","[24, 1, 'Jan', 0, None, None]","[41, 1, 'Dec', 0, None, None]","[28, 1, 'Dec', 0, None, None]","[29, 1, 'Nov', 0, None, None]","[39, 1, 'Mar', 0, None, None]","[23, 1, 'Nov', 0, None, None]","[10, 2, 'Mar', 0, None, None]","[17, 2, 'Apr', 0, None, None]","[11, 2, 'Oct', 0, None, None]","[19, 1, 'Jan', 0, None, None]","[26, 1, 'Dec', 0, None, None]","[25, 2, 'Nov', 0, None, None]","[15, 1, 'Dec', 0, None, None]","[33, 1, 'Apr', 0, None, None]","[10, 1, 'Oct', 0, None, None]",2020-01-19 18:07:45
Cromarty Firth,nan,nan,nan,nan,nan,nan,nan,nan,nan,nan,nan,nan,nan,nan,nan,nan,nan,nan,nan,nan,nan,nan,nan,nan,nan,nan,nan,nan,nan,nan,nan,nan,nan,nan,nan,"[0, 1, '', 0, None, None]","[0, 1, '', 0, None, None]","[0, 1, '', 0, None, None]","[0, 1, '', 0, None, None]","[0, 1, '', 0, None, None]",nan,nan,"[0, 1, '', 0, None, None]",nan,nan,nan,"[0, 1, '', 0, None, None]","[0, 1, '', 0, None, None]","[0, 1, '', 0, None, None]","[0, 1, '', 0, None, None]","[0, 1, '', 0, None, None]","[0, 2, '', 0, None, None]","[0, 2, '', 0, None, None]","[0, 1, '', 0, None, None]","[0, 1, '', 0, None, None]","[0, 1, '', 0, None, None]","[0, 1, '', 0, None, None]","[0, 1, '', 0, None, None]","[0, 1, '', 0, None, None]","[0, 1, '', 0, None, None]","[0, 1, '', 0, None, None]","[0, 1, '', 0, None, None]","[0, 1, '', 0, None, None]","[0, 1, '', 0, None, None]","[0, 1, '', 0, None, None]","[1, 1, 'Feb', 0, None, None]","[0, 1, '', 0, None, None]","[0, 1, '', 0, None, None]","[0, 1, '', 0, None, None]","[0, 1, '', 0, None, None]","[0, 1, '', 0, None, None]","[0, 1, '', 0, None, None]","[1, 1, 'Jan', 0, None, None]","[0, 2, '', 0, None, None]","[0, 1, '', 0, None, None]","[0, 1, '', 0, None, None]","[0, 1, '', 0, None, None]","[0, 1, '', 0, None, None]","[0, 1, '', 0, None, None]","[0, 1, '', 0, None, None]","[5, 1, 'Dec', 0, None, None]","[99, 1, 'Jan', 0, None, None]","[0, 1, '', 0, None, None]",2020-01-19 18:07:45
Amble to Chevington Burn,nan,nan,nan,nan,nan,nan,nan,nan,nan,nan,nan,nan,nan,nan,nan,nan,nan,nan,nan,nan,nan,nan,nan,nan,nan,nan,nan,nan,nan,nan,nan,nan,nan,nan,nan,nan,nan,nan,nan,nan,nan,nan,nan,nan,nan,nan,nan,"[5, 1, 'Feb', 0, None, None]","[1, 1, 'Jan', 0, None, None]","[65, 1, 'Dec', 0, None, None]","[39, 1, 'Dec', 0, None, None]","[83, 1, 'Feb', 0, None, None]","[75, 1, 'Feb', 0, None, None]","[60, 1, 'Feb', 0, None, None]","[72, 1, 'Jan', 0, None, None]","[111, 1, 'Feb', 0, None, None]","[62, 1, 'Jan', 0, None, None]","[10, 1, 'Jan', 0, None, None]","[28, 1, 'Jan', 0, None, None]","[19, 1, 'Dec', 0, None, None]","[13, 1, 'Nov', 0, None, None]","[12, 1, 'Feb', 0, None, None]","[17, 1, 'Feb', 0, None, None]","[29, 1, 'Dec', 0, None, None]","[16, 1, 'Feb', 0, None, None]","[33, 1, 'Jan', 0, None, None]","[17, 1, 'Nov', 0, None, None]","[7, 1, 'Nov', 0, None, None]","[23, 1, 'Feb', 0, None, None]","[19, 1, 'Feb', 0, None, None]","[10, 1, 'Nov', 0, None, None]","[24, 1, 'Jan', 0, None, None]","[12, 1, 'Jan', 0, None, None]","[17, 1, 'Feb', 0, None, None]","[20, 1, 'Dec', 0, None, None]","[7, 1, 'Nov', 0, None, None]","[13, 1, 'Jan', 0, None, None]","[16, 1, 'Dec', 0, None, None]","[22, 1, 'Jan', 0, None, None]","[30, 1, 'Dec', 0, None, None]","[21, 1, 'Jan', 0, None, None]","[7, 2, 'Feb', 0, None, None]","[7, 1, 'Feb', 0, None, None]",2020-01-19 18:07:45
Spittal to Cocklawburn,nan,nan,nan,nan,nan,nan,nan,nan,nan,nan,nan,nan,nan,nan,nan,nan,nan,nan,nan,nan,nan,nan,nan,nan,nan,nan,nan,nan,nan,nan,nan,nan,nan,nan,nan,nan,nan,nan,nan,nan,nan,nan,nan,nan,nan,nan,nan,nan,nan,nan,nan,nan,nan,nan,nan,nan,nan,nan,nan,"[0, 2, '', 0, None, None]","[0, 1, '', 0, None, None]","[0, 1, '', 0, None, None]","[25, 1, 'Feb', 0, None, None]","[8, 1, 'Feb', 0, None, None]","[27, 1, 'Dec', 0, None, None]",nan,"[0, 2, '', 0, None, None]","[0, 1, '', 0, None, None]","[0, 1, '', 0, None, None]","[23, 1, 'Feb', 0, None, None]","[12, 1, 'Jan', 0, None, None]","[5, 1, 'Feb', 0, None, None]","[9, 1, 'Feb', 0, None, None]","[28, 1, 'Dec', 0, None, None]","[23, 1, 'Mar', 0, None, None]","[10, 1, 'Dec', 0, None, None]","[4, 1, 'Nov', 0, None, None]","[18, 1, 'Dec', 0, None, None]","[14, 1, 'Nov', 0, None, None]","[8, 1, 'Apr', 0, None, None]","[12, 1, 'Feb', 0, None, None]","[24, 1, 'Dec', 0, None, None]","[42, 1, 'Feb', 0, None, None]",2020-01-19 18:07:45
St Andrews Bay,nan,nan,nan,nan,nan,nan,nan,nan,nan,nan,nan,nan,nan,nan,nan,nan,nan,nan,nan,nan,nan,nan,nan,nan,nan,nan,nan,nan,nan,nan,nan,nan,nan,nan,nan,nan,nan,nan,nan,nan,nan,nan,nan,nan,nan,nan,nan,nan,nan,nan,nan,nan,nan,nan,nan,nan,"[20, 1, 'Feb', 0, None, None]","[40, 1, 'Apr', 0, None, None]","[40, 1, 'Apr', 0, None, None]","[1, 1, 'Aug', 0, None, None]",nan,"[36, 1, 'Apr', 0, None, None]","[5, 1, 'Nov', 0, None, None]","[39, 1, 'Apr', 0, None, None]","[36, 1, 'Feb', 0, None, None]","[22, 1, 'Apr', 0, None, None]","[31, 1, 'Mar', 0, None, None]","[10, 1, 'Nov', 0, None, None]","[28, 1, 'Apr', 0, None, None]","[25, 1, 'Nov', 0, None, None]","[0, 2, '', 0, None, None]","[39, 1, 'Feb', 0, None, None]","[6, 1, 'Oct', 0, None, None]","[5, 1, 'Feb', 0, None, None]","[34, 1, 'Feb', 0, None, None]","[116, 1, 'Mar', 0, None, None]","[41, 1, 'Feb', 0, None, None]","[49, 2, 'Nov', 0, None, None]","[40, 2, 'Feb', 0, None, None]","[0, 1, '', 0, None, None]","[2, 1, 'Nov', 0, None, None]","[31, 1, 'Jan', 0, None, None]","[25, 1, 'Nov', 0, None, None]",2020-01-19 18:07:45
Alnmouth,nan,nan,nan,nan,nan,nan,nan,nan,nan,nan,nan,nan,nan,nan,nan,nan,nan,nan,nan,nan,nan,nan,nan,nan,nan,nan,nan,nan,nan,nan,nan,nan,nan,nan,nan,nan,nan,nan,nan,nan,nan,nan,nan,nan,nan,nan,nan,"[35, 1, 'Jan', 0, None, None]","[15, 1, 'Nov', 0, None, None]","[52, 1, 'Dec', 0, None, None]","[49, 1, 'Jan', 0, None, None]","[29, 1, 'Nov', 0, None, None]","[49, 1, 'Dec', 0, None, None]","[25, 1, 'Nov', 0, None, None]","[24, 1, 'Jan', 0, None, None]","[42, 1, 'Jan', 0, None, None]","[35, 1, 'Dec', 0, None, None]","[13, 1, 'Nov', 0, None, None]","[12, 1, 'Jan', 0, None, None]","[0, 1, '', 0, None, None]","[16, 2, 'Nov', 0, None, None]","[0, 1, '', 0, None, None]","[65, 1, 'Apr', 0, None, None]","[0, 1, '', 0, None, None]","[0, 1, '', 0, None, None]","[0, 1, '', 0, None, None]","[0, 2, '', 0, None, None]","[0, 1, '', 0, None, None]","[0, 1, '', 0, None, None]","[0, 1, '', 0, None, None]","[0, 1, '', 0, None, None]","[0, 1, '', 0, None, None]","[0, 1, '', 0, None, None]","[0, 1, '', 0, None, None]","[0, 1, '', 0, None, None]","[2, 1, 'Jan', 0, None, None]","[7, 1, 'Nov', 0, None, None]","[6, 1, 'Nov', 0, None, None]","[21, 1, 'Jan', 0, None, None]","[26, 1, 'Nov', 0, None, None]","[11, 1, 'Nov', 0, None, None]","[10, 1, 'Feb', 0, None, None]","[26, 1, 'Nov', 0, None, None]",2020-01-19 18:07:45
North Perwick Bay to Port St Mary Harbour,nan,nan,nan,nan,nan,nan,nan,nan,nan,nan,nan,nan,nan,nan,nan,nan,nan,nan,nan,nan,nan,nan,nan,nan,nan,nan,nan,nan,nan,nan,nan,nan,nan,nan,nan,nan,nan,nan,nan,nan,nan,nan,nan,nan,nan,nan,nan,nan,nan,nan,nan,nan,nan,nan,nan,nan,nan,nan,nan,nan,nan,nan,nan,nan,nan,nan,nan,nan,nan,nan,nan,nan,nan,nan,nan,nan,nan,nan,nan,nan,nan,"[19, 1, 'Apr', 0, None, None]","[17, 1, 'Dec', 0, None, None]",2020-01-19 18:07:45
Oitir Mhor to Loch Paible (including Kirkibost) (North Uist),nan,nan,nan,nan,nan,nan,nan,nan,nan,nan,nan,nan,nan,nan,nan,nan,nan,nan,nan,nan,nan,nan,nan,nan,nan,nan,nan,nan,nan,nan,nan,nan,nan,nan,nan,nan,nan,nan,nan,nan,nan,nan,nan,nan,nan,nan,nan,nan,nan,nan,nan,nan,nan,nan,nan,nan,nan,nan,nan,nan,nan,"[32, 1, 'Nov', 0, None, None]","[14, 1, 'Dec', 0, None, None]",nan,"[0, 1, '', 0, None, None]","[9, 1, 'Dec', 0, None, None]","[5, 1, 'Mar', 0, None, None]","[23, 1, 'Mar', 0, None, None]","[14, 1, 'Mar', 0, None, None]","[12, 1, 'Feb', 0, None, None]","[16, 1, 'Mar', 0, None, None]","[35, 1, 'Dec', 0, None, None]","[54, 1, 'Mar', 0, None, None]","[25, 1, 'Mar', 0, None, None]","[70, 1, 'Nov', 0, None, None]","[34, 1, 'Jan', 0, None, None]","[55, 1, 'Nov', 0, None, None]","[23, 1, 'Nov', 0, None, None]","[12, 1, 'Dec', 0, None, None]","[33, 1, 'Feb', 0, None, None]","[38, 1, 'Jan', 0, None, None]","[2, 1, 'Jan', 0, None, None]","[0, 1, '', 0, None, None]",2020-01-19 18:07:45
Penzance Harbour to Wherrytown,nan,nan,nan,nan,nan,nan,nan,nan,nan,nan,nan,nan,nan,nan,nan,nan,nan,nan,nan,nan,nan,nan,nan,nan,nan,nan,nan,nan,nan,nan,nan,nan,nan,nan,nan,nan,nan,nan,nan,nan,nan,nan,nan,nan,nan,nan,nan,nan,nan,nan,nan,nan,nan,nan,nan,nan,nan,nan,nan,nan,nan,nan,nan,nan,nan,nan,nan,nan,nan,nan,nan,nan,nan,nan,nan,nan,nan,nan,nan,"[14, 1, 'Jan', 0, None, None]","[28, 1, 'Jan', 0, None, None]","[9, 1, 'Feb', 0, None, None]",nan,2020-01-19 18:07:45
Perch Rock Pool,nan,nan,nan,nan,nan,nan,nan,nan,nan,nan,nan,nan,nan,nan,nan,nan,nan,nan,nan,nan,nan,nan,nan,nan,nan,nan,nan,nan,nan,nan,nan,nan,nan,nan,nan,nan,nan,nan,nan,nan,nan,nan,nan,nan,nan,nan,nan,nan,nan,nan,nan,nan,nan,nan,nan,nan,nan,nan,nan,nan,nan,nan,nan,nan,nan,nan,nan,nan,nan,nan,nan,nan,"[0, 1, '', 0, None, None]","[0, 1, '', 0, None, None]",nan,nan,"[20, 1, 'Feb', 0, None, None]","[19, 1, 'Jan', 0, None, None]","[17, 1, 'Mar', 0, None, None]",nan,nan,nan,nan,2020-01-19 18:07:45
Boddam Voe,nan,nan,nan,nan,nan,nan,nan,nan,nan,nan,nan,nan,nan,nan,nan,nan,nan,nan,nan,nan,nan,nan,nan,nan,nan,nan,nan,nan,nan,nan,nan,nan,nan,nan,nan,nan,nan,nan,nan,nan,nan,nan,nan,nan,nan,nan,nan,nan,nan,nan,nan,nan,nan,nan,nan,nan,nan,nan,nan,nan,nan,nan,nan,nan,"[33, 1, 'Mar', 0, None, None]","[25, 1, 'Dec', 0, None, None]","[12, 1, 'Feb', 0, None, None]","[12, 1, 'Apr', 0, None, None]","[21, 1, 'Mar', 0, None, None]","[26, 1, 'Feb', 0, None, None]","[19, 1, 'Feb', 0, None, None]","[26, 1, 'Nov', 0, None, None]","[43, 1, 'Apr', 0, None, None]","[33, 1, 'May', 0, None, None]","[39, 1, 'Nov', 0, None, None]","[18, 1, 'Mar', 0, None, None]","[18, 1, 'Dec', 0, None, None]","[21, 1, 'Mar', 0, None, None]","[18, 1, 'Dec', 0, None, None]","[15, 1, 'Mar', 0, None, None]","[15, 1, 'Jan', 0, None, None]","[19, 1, 'Mar', 0, None, None]","[9, 1, 'Feb', 0, None, None]",2020-01-19 18:07:45
Fraserburgh to Rosehearty,nan,nan,nan,nan,nan,nan,nan,nan,nan,nan,nan,nan,nan,nan,nan,nan,nan,nan,nan,nan,nan,nan,nan,nan,nan,nan,nan,nan,nan,nan,nan,nan,nan,nan,nan,nan,nan,nan,nan,nan,nan,nan,nan,nan,nan,nan,nan,nan,nan,nan,nan,"[344, 1, 'Apr', 0, None, None]",nan,"[340, 1, 'Feb', 0, None, None]","[194, 1, 'Jan', 0, None, None]","[235, 1, 'Jan', 0, None, None]","[168, 1, 'Mar', 0, None, None]","[346, 1, 'Mar', 0, None, None]","[105, 1, 'Dec', 0, None, None]","[150, 1, 'Feb', 0, None, None]","[0, 1, '', 0, None, None]",nan,nan,nan,nan,nan,nan,nan,nan,nan,nan,nan,nan,nan,nan,nan,nan,nan,nan,nan,"[16, 1, 'Mar', 0, None, None]","[12, 1, 'Jan', 0, None, None]","[18, 1, 'Feb', 0, None, None]",2020-01-19 18:07:45
Arbroath Coast - Elliot to Boulzie Hill,nan,nan,nan,nan,nan,nan,nan,nan,nan,nan,nan,nan,nan,nan,nan,nan,nan,nan,nan,nan,nan,nan,nan,nan,nan,nan,nan,nan,nan,nan,nan,nan,nan,nan,nan,nan,nan,nan,nan,nan,nan,nan,nan,nan,nan,nan,nan,nan,nan,nan,nan,nan,nan,nan,nan,nan,nan,nan,nan,nan,nan,nan,nan,nan,nan,nan,nan,nan,nan,nan,nan,nan,nan,nan,"[24, 1, 'Feb', 1, 'Supplementary visit under the  WeBS Core Count Survey', 'WeBS']","[7, 1, 'Dec', 1, 'Supplementary visit under the  WeBS Core Count Survey', 'WeBS']","[3, 1, 'Mar', 1, 'Supplementary visit under the  WeBS Core Count Survey', 'WeBS']","[4, 1, 'Oct', 0, None, None]","[26, 1, 'Feb', 0, None, None]","[4, 1, 'Jan', 0, None, None]","[2, 2, 'Dec', 0, None, None]","[16, 1, 'Nov', 0, None, None]","[8, 1, 'Nov', 0, None, None]",2020-01-19 18:07:45
Lindisfarne,nan,nan,nan,nan,nan,nan,nan,nan,nan,nan,nan,nan,nan,nan,nan,nan,nan,nan,nan,nan,nan,nan,nan,nan,nan,nan,nan,nan,nan,nan,nan,nan,nan,nan,nan,"[0, 1, '', 0, None, None]","[15, 1, 'Feb', 0, None, None]","[20, 1, 'Oct', 0, None, None]","[230, 1, 'Dec', 0, None, None]","[28, 1, 'Sep', 0, None, None]","[31, 1, 'Dec', 0, None, None]","[31, 1, 'Feb', 0, None, None]","[54, 1, 'Nov', 0, None, None]","[32, 2, 'Nov', 0, None, None]","[41, 1, 'Feb', 0, None, None]","[41, 1, 'Nov', 0, None, None]","[120, 1, 'Nov', 0, None, None]","[89, 1, 'Oct', 0, None, None]","[98, 1, 'Jan', 0, None, None]","[314, 1, 'Nov', 0, None, None]","[47, 1, 'Mar', 0, None, None]","[71, 1, 'Mar', 0, None, None]","[73, 1, 'Oct', 0, None, None]","[92, 1, 'Jan', 0, None, None]","[40, 1, 'Dec', 0, None, None]","[41, 1, 'Nov', 0, None, None]","[8, 2, 'Mar', 0, None, None]","[41, 1, 'Feb', 0, None, None]","[25, 1, 'Apr', 0, None, None]","[3, 2, 'Nov', 0, None, None]","[7, 2, 'Nov', 0, None, None]","[3, 1, 'Nov', 0, None, None]","[2, 1, 'Oct', 0, None, None]","[18, 1, 'Jan', 0, None, None]","[9, 1, 'Dec', 0, None, None]","[2, 1, 'Jan', 0, None, None]","[14, 1, 'Jan', 0, None, None]","[6, 1, 'Feb', 0, None, None]","[7, 1, 'Jan', 0, None, None]","[4, 1, 'Jan', 0, None, None]","[5, 1, 'Dec', 0, None, None]","[1, 1, 'Nov', 0, None, None]","[0, 1, '', 0, None, None]","[2, 1, 'Nov', 0, None, None]","[24, 1, 'Jan', 0, None, None]","[14, 2, 'Dec', 0, None, None]","[2, 1, 'Nov', 0, None, None]","[3, 1, 'Jan', 0, None, None]","[0, 2, '', 0, None, None]","[0, 2, '', 0, None, None]","[11, 1, 'Aug', 0, None, None]","[0, 2, '', 0, None, None]","[17, 1, 'Feb', 0, None, None]",2020-01-19 18:07:45
Morecambe Bay,nan,nan,nan,nan,nan,nan,nan,nan,nan,nan,nan,nan,nan,nan,nan,nan,nan,nan,nan,nan,nan,nan,nan,nan,nan,nan,nan,nan,nan,nan,nan,nan,nan,nan,nan,"[1, 1, 'Sep', 0, None, None]","[0, 1, '', 0, None, None]","[0, 1, '', 0, None, None]","[0, 1, '', 0, None, None]","[0, 1, '', 0, None, None]","[0, 1, '', 0, None, None]","[0, 1, '', 0, None, None]","[0, 1, '', 0, None, None]",nan,"[0, 1, '', 0, None, None]","[0, 1, '', 0, None, None]",nan,"[2, 2, 'Jan', 0, None, None]","[26, 1, 'Feb', 0, None, None]","[16, 2, 'Nov', 0, None, None]","[23, 1, 'Dec', 0, None, None]","[22, 1, 'Mar', 0, None, None]","[38, 1, 'Jan', 0, None, None]","[19, 1, 'Feb', 0, None, None]","[34, 1, 'Dec', 0, None, None]","[62, 1, 'Apr', 0, None, None]","[61, 1, 'Mar', 0, None, None]","[69, 1, 'Nov', 0, None, None]","[14, 1, 'Feb', 0, None, None]","[3, 1, 'Dec', 0, None, None]","[4, 1, 'Mar', 0, None, None]","[2, 1, 'Jan', 0, None, None]","[8, 1, 'Feb', 0, None, None]","[23, 1, 'Feb', 0, None, None]","[32, 1, 'Apr', 0, None, None]","[27, 1, 'Jan', 0, None, None]","[25, 1, 'Dec', 0, None, None]","[34, 1, 'Nov', 0, None, None]","[35, 1, 'Dec', 0, None, None]","[26, 1, 'Feb', 0, None, None]","[20, 1, 'Jan', 0, None, None]","[33, 1, 'Nov', 0, None, None]","[31, 1, 'Mar', 0, None, None]","[43, 1, 'Jan', 0, None, None]","[32, 1, 'Dec', 0, None, None]","[49, 1, 'Mar', 0, None, None]","[26, 1, 'Dec', 0, None, None]","[29, 1, 'Apr', 0, None, None]","[21, 1, 'Dec', 0, None, None]","[13, 1, 'Apr', 0, None, None]","[17, 1, 'Apr', 0, None, None]","[18, 1, 'Nov', 0, None, None]","[3, 1, 'Feb', 0, None, None]",2020-01-19 18:07:45
Winterfield to Barns Ness,nan,nan,nan,nan,nan,nan,nan,nan,nan,nan,nan,nan,nan,nan,nan,nan,nan,nan,nan,nan,nan,nan,nan,nan,nan,nan,nan,nan,nan,nan,nan,nan,nan,nan,nan,nan,nan,nan,nan,nan,nan,nan,nan,nan,nan,nan,nan,nan,nan,nan,nan,nan,nan,nan,nan,nan,nan,nan,nan,nan,nan,nan,"[0, 1, '', 0, None, None]","[0, 1, '', 0, None, None]","[0, 1, '', 0, None, None]","[0, 1, '', 0, None, None]","[0, 1, '', 0, None, None]","[0, 1, '', 0, None, None]","[0, 1, '', 0, None, None]","[0, 1, '', 0, None, None]","[0, 1, '', 0, None, None]","[60, 1, 'Mar', 0, None, None]","[64, 1, 'Nov', 0, None, None]","[91, 1, 'Jan', 0, None, None]","[6, 1, 'Mar', 0, None, None]","[55, 1, 'Nov', 0, None, None]","[41, 1, 'Mar', 0, None, None]","[26, 1, 'Nov', 0, None, None]","[1, 1, 'Nov', 0, None, None]","[35, 1, 'Mar', 0, None, None]","[0, 1, '', 0, None, None]","[23, 1, 'Feb', 0, None, None]","[13, 1, 'Jan', 0, None, None]",2020-01-19 18:07:45
Belfast Lough,nan,nan,nan,nan,nan,nan,nan,nan,nan,nan,nan,nan,nan,nan,nan,nan,nan,nan,nan,nan,nan,nan,nan,nan,nan,nan,nan,nan,nan,nan,nan,nan,nan,nan,nan,nan,nan,nan,nan,nan,nan,nan,nan,nan,nan,nan,nan,nan,nan,nan,"[98, 1, 'Feb', 0, None, None]",nan,"[11, 1, 'Feb', 0, None, None]","[22, 1, 'Nov', 0, None, None]",nan,nan,nan,nan,"[49, 1, 'Feb', 0, None, None]","[50, 1, 'Feb', 0, None, None]","[29, 1, 'Feb', 0, None, None]","[38, 1, 'Nov', 0, None, None]","[31, 1, 'Jan', 0, None, None]","[45, 1, 'Dec', 0, None, None]","[19, 1, 'Dec', 0, None, None]","[13, 2, 'Jan', 0, None, None]","[16, 1, 'Feb', 0, None, None]","[15, 1, 'Feb', 0, None, None]","[17, 1, 'Jan', 0, None, None]","[9, 1, 'Feb', 1, 'Supplementary visit under the  WeBS Core Count Survey', 'WeBS']","[5, 1, 'Feb', 0, None, None]","[10, 1, 'Dec', 1, 'Standard visit under the WeBS Low Tide Count Survey', 'WeBS']","[11, 1, 'Sep', 0, None, None]","[21, 1, 'Nov', 0, None, None]","[17, 1, 'Mar', 0, None, None]","[23, 1, 'Nov', 1, 'Standard visit under the WeBS Low Tide Count Survey', 'WeBS']","[9, 1, 'Nov', 0, None, None]","[8, 1, 'Feb', 1, 'Supplementary visit under the  WeBS Core Count Survey', 'WeBS']","[20, 1, 'Jan', 0, None, None]","[5, 1, 'Nov', 0, None, None]","[9, 1, 'Nov', 0, None, None]","[17, 2, 'Mar', 0, None, None]","[16, 1, 'Nov', 0, None, None]",2020-01-19 18:07:45
Ness of Huna,nan,nan,nan,nan,nan,nan,nan,nan,nan,nan,nan,nan,nan,nan,nan,nan,nan,nan,nan,nan,nan,nan,nan,nan,nan,nan,nan,nan,nan,nan,nan,nan,nan,nan,nan,nan,nan,nan,nan,nan,nan,nan,nan,nan,nan,nan,nan,nan,nan,nan,nan,nan,nan,nan,nan,nan,nan,nan,nan,nan,nan,nan,nan,nan,nan,nan,nan,nan,nan,nan,nan,nan,"[0, 1, '', 0, None, None]","[2, 2, 'Feb', 0, None, None]","[0, 2, '', 0, None, None]","[2, 1, 'Jan', 0, None, None]","[0, 1, '', 0, None, None]","[0, 2, '', 0, None, None]","[0, 1, '', 0, None, None]","[0, 2, '', 0, None, None]","[22, 1, 'Feb', 0, None, None]","[22, 1, 'Feb', 0, None, None]","[8, 1, 'Feb', 0, None, None]",2020-01-19 18:07:45
Christchurch Harbour,nan,nan,nan,nan,nan,nan,nan,nan,nan,nan,nan,nan,nan,nan,nan,nan,nan,nan,nan,nan,nan,nan,nan,nan,nan,nan,nan,nan,nan,nan,nan,nan,nan,nan,nan,"[0, 1, '', 0, None, None]","[0, 1, '', 0, None, None]","[0, 1, '', 0, None, None]","[0, 1, '', 0, None, None]","[8, 1, 'Feb', 0, None, None]",nan,nan,nan,nan,nan,nan,nan,"[4, 1, 'Mar', 0, None, None]","[0, 1, '', 0, None, None]","[0, 1, '', 0, None, None]","[0, 1, '', 0, None, None]","[0, 1, '', 0, None, None]","[2, 1, 'Mar', 0, None, None]","[7, 1, 'Jan', 0, None, None]","[0, 1, '', 0, None, None]","[0, 1, '', 0, None, None]","[0, 1, '', 0, None, None]","[0, 1, '', 0, None, None]","[0, 1, '', 0, None, None]","[0, 1, '', 0, None, None]",nan,nan,nan,nan,"[0, 1, '', 0, None, None]","[0, 1, '', 0, None, None]","[0, 1, '', 0, None, None]","[5, 1, 'Dec', 0, None, None]","[0, 1, '', 0, None, None]","[12, 1, 'Feb', 0, None, None]","[3, 1, 'Nov', 0, None, None]","[7, 1, 'Mar', 0, None, None]","[4, 1, 'Nov', 0, None, None]","[2, 1, 'Jan', 0, None, None]","[4, 1, 'Nov', 0, None, None]","[6, 1, 'Jan', 0, None, None]","[23, 1, 'Mar', 0, None, None]","[20, 2, 'Feb', 0, None, None]","[21, 1, 'Dec', 0, None, None]","[14, 1, 'Mar', 0, None, None]","[21, 1, 'Dec', 0, None, None]","[0, 1, '', 0, None, None]","[2, 1, 'Nov', 0, None, None]",2020-01-19 18:07:45
Dee Estuary (England and Wales),nan,nan,nan,nan,nan,nan,nan,nan,nan,nan,nan,nan,nan,nan,nan,nan,nan,nan,nan,nan,nan,nan,nan,nan,nan,nan,nan,nan,nan,nan,nan,nan,nan,nan,nan,"[68, 1, 'Feb', 0, None, None]","[41, 1, 'Apr', 0, None, None]","[70, 1, 'Feb', 0, None, None]","[48, 1, 'Jan', 0, None, None]","[65, 1, 'Jan', 0, None, None]","[45, 1, 'Dec', 0, None, None]","[66, 1, 'Feb', 0, None, None]","[0, 2, '', 0, None, None]","[0, 2, '', 0, None, None]","[52, 1, 'Dec', 0, None, None]","[46, 1, 'Feb', 0, None, None]","[40, 1, 'Mar', 0, None, None]","[50, 1, 'Dec', 0, None, None]","[45, 1, 'Feb', 0, None, None]","[37, 1, 'Jan', 0, None, None]","[36, 1, 'Jan', 0, None, None]","[44, 1, 'Dec', 0, None, None]","[50, 1, 'Jan', 0, None, None]","[41, 1, 'Dec', 0, None, None]","[0, 1, '', 0, None, None]","[28, 1, 'Jan', 0, None, None]","[21, 1, 'Nov', 0, None, None]","[50, 1, 'Dec', 0, None, None]","[35, 1, 'Dec', 0, None, None]","[32, 1, 'Jan', 0, None, None]","[34, 1, 'Jan', 0, None, None]","[53, 1, 'Mar', 0, None, None]","[46, 1, 'Dec', 0, None, None]","[30, 1, 'Jan', 0, None, None]","[45, 1, 'Feb', 0, None, None]","[34, 1, 'Dec', 0, None, None]","[14, 1, 'Feb', 1, 'Standard visit under the WeBS Low Tide Count Survey', 'WeBS']","[20, 1, 'Jan', 0, None, None]","[18, 1, 'Jan', 0, None, None]","[15, 1, 'Nov', 0, None, None]","[17, 1, 'Mar', 0, None, None]","[20, 1, 'Mar', 0, None, None]","[35, 1, 'Apr', 0, None, None]","[20, 1, 'Feb', 0, None, None]","[14, 1, 'Jan', 0, None, None]","[21, 1, 'Nov', 0, None, None]","[14, 1, 'Jan', 0, None, None]","[18, 1, 'Nov', 0, None, None]","[15, 1, 'Jan', 0, None, None]","[12, 1, 'Jan', 0, None, None]","[16, 1, 'Nov', 0, None, None]","[7, 1, 'Nov', 0, None, None]","[10, 1, 'Feb', 0, None, None]",2020-01-19 18:07:45
Dee Estuary (English counties),nan,nan,nan,nan,nan,nan,nan,nan,nan,nan,nan,nan,nan,nan,nan,nan,nan,nan,nan,nan,nan,nan,nan,nan,nan,nan,nan,nan,nan,nan,nan,nan,nan,nan,nan,"[68, 1, 'Feb', 0, None, None]","[41, 1, 'Apr', 0, None, None]","[70, 1, 'Feb', 0, None, None]","[48, 1, 'Jan', 0, None, None]","[65, 1, 'Jan', 0, None, None]","[45, 1, 'Dec', 0, None, None]","[66, 1, 'Feb', 0, None, None]","[0, 2, '', 0, None, None]","[0, 2, '', 0, None, None]","[52, 1, 'Dec', 0, None, None]","[46, 1, 'Feb', 0, None, None]","[40, 1, 'Mar', 0, None, None]","[50, 1, 'Dec', 0, None, None]","[45, 1, 'Feb', 0, None, None]","[37, 1, 'Jan', 0, None, None]","[36, 1, 'Jan', 0, None, None]","[44, 1, 'Dec', 0, None, None]","[50, 1, 'Jan', 0, None, None]","[41, 1, 'Dec', 0, None, None]","[0, 1, '', 0, None, None]","[28, 1, 'Jan', 0, None, None]","[21, 1, 'Nov', 0, None, None]","[50, 1, 'Dec', 0, None, None]","[35, 1, 'Dec', 0, None, None]","[32, 1, 'Jan', 0, None, None]","[34, 1, 'Jan', 0, None, None]","[53, 1, 'Mar', 0, None, None]","[46, 1, 'Dec', 0, None, None]","[30, 1, 'Jan', 0, None, None]","[45, 1, 'Feb', 0, None, None]","[34, 1, 'Dec', 0, None, None]","[9, 1, 'Dec', 0, None, None]","[20, 1, 'Jan', 0, None, None]","[18, 1, 'Jan', 0, None, None]","[15, 1, 'Nov', 0, None, None]","[17, 1, 'Mar', 0, None, None]","[20, 1, 'Mar', 0, None, None]","[35, 1, 'Apr', 0, None, None]","[20, 1, 'Feb', 0, None, None]","[14, 1, 'Jan', 0, None, None]","[21, 1, 'Nov', 0, None, None]","[14, 1, 'Jan', 0, None, None]","[18, 1, 'Nov', 0, None, None]","[15, 1, 'Jan', 0, None, None]","[12, 1, 'Jan', 0, None, None]","[16, 1, 'Nov', 0, None, None]","[7, 1, 'Nov', 0, None, None]","[10, 1, 'Feb', 0, None, None]",2020-01-19 18:07:45
Inner Moray and Beauly Firths,nan,nan,nan,nan,nan,nan,nan,nan,nan,nan,nan,nan,nan,nan,nan,nan,nan,nan,nan,nan,nan,nan,nan,nan,nan,nan,nan,nan,nan,nan,nan,nan,nan,nan,nan,"[1, 1, 'Dec', 0, None, None]","[3, 1, 'Feb', 0, None, None]","[0, 1, '', 0, None, None]","[0, 1, '', 0, None, None]","[0, 1, '', 0, None, None]","[0, 1, '', 0, None, None]",nan,"[0, 1, '', 0, None, None]",nan,"[0, 1, '', 0, None, None]",nan,"[0, 1, '', 0, None, None]","[2, 1, 'Mar', 0, None, None]","[0, 1, '', 0, None, None]","[26, 1, 'Jan', 0, None, None]",nan,"[28, 2, 'Mar', 0, None, None]","[0, 2, '', 0, None, None]",nan,nan,"[43, 1, 'Dec', 0, None, None]","[26, 1, 'Feb', 0, None, None]","[29, 1, 'Jan', 0, None, None]","[27, 1, 'Jan', 0, None, None]","[25, 1, 'Jan', 0, None, None]","[19, 1, 'Dec', 0, None, None]","[18, 1, 'Dec', 0, None, None]","[18, 1, 'Dec', 0, None, None]","[20, 1, 'Dec', 0, None, None]","[0, 1, '', 0, None, None]","[0, 1, '', 0, None, None]","[3, 1, 'Oct', 0, None, None]","[12, 1, 'Nov', 1, 'Standard visit under the WeBS Low Tide Count Survey', 'WeBS']","[0, 1, '', 0, None, None]","[10, 1, 'Jan', 0, None, None]","[3, 1, 'Feb', 0, None, None]","[1, 1, 'Feb', 0, None, None]","[0, 1, '', 0, None, None]","[8, 1, 'Feb', 0, None, None]","[5, 2, 'Dec', 0, None, None]","[11, 1, 'Feb', 0, None, None]","[3, 1, 'Feb', 0, None, None]","[5, 1, 'Dec', 0, None, None]","[9, 1, 'Jan', 0, None, None]","[1, 1, 'Oct', 0, None, None]","[9, 2, 'Dec', 0, None, None]","[43, 2, 'Dec', 0, None, None]","[0, 1, '', 0, None, None]",2020-01-19 18:07:45
Solway Estuary,nan,nan,nan,nan,nan,nan,nan,nan,nan,nan,nan,nan,nan,nan,nan,nan,nan,nan,nan,nan,nan,nan,nan,nan,nan,nan,nan,nan,nan,nan,nan,nan,nan,nan,nan,"[0, 1, 'Apr', 0, None, None]","[42, 1, 'Jan', 0, None, None]","[32, 1, 'Dec', 0, None, None]","[23, 1, 'Mar', 0, None, None]","[23, 1, 'Mar', 0, None, None]","[18, 1, 'Dec', 0, None, None]","[13, 1, 'Jan', 0, None, None]",nan,nan,"[0, 2, 'Dec', 0, None, None]","[17, 1, 'Feb', 0, None, None]","[7, 1, 'Feb', 0, None, None]","[17, 1, 'Feb', 0, None, None]","[44, 1, 'Jan', 0, None, None]","[26, 1, 'Dec', 0, None, None]","[33, 1, 'Dec', 0, None, None]","[38, 1, 'Feb', 0, None, None]","[91, 2, 'Apr', 0, None, None]","[64, 1, 'Mar', 0, None, None]","[38, 2, 'Jan', 0, None, None]","[43, 1, 'Feb', 0, None, None]","[33, 2, 'Nov', 0, None, None]","[42, 1, 'Jan', 0, None, None]","[33, 2, 'Mar', 0, None, None]","[38, 1, 'Oct', 0, None, None]","[51, 1, 'Jan', 0, None, None]","[57, 2, 'Jan', 0, None, None]","[23, 1, 'Dec', 0, None, None]","[36, 1, 'Jan', 0, None, None]","[45, 1, 'Feb', 0, None, None]","[48, 1, 'Dec', 0, None, None]","[46, 2, 'Mar', 0, None, None]","[19, 1, 'Nov', 0, None, None]","[45, 1, 'Jan', 0, None, None]","[44, 1, 'Mar', 0, None, None]","[0, 1, 'Jul', 0, None, None]","[53, 1, 'Jan', 0, None, None]","[43, 1, 'Dec', 0, None, None]","[53, 1, 'Dec', 0, None, None]","[22, 2, 'Nov', 0, None, None]","[39, 2, 'Jan', 0, None, None]","[37, 1, 'Feb', 0, None, None]","[46, 1, 'Dec', 0, None, None]","[22, 1, 'Feb', 0, None, None]","[18, 1, 'Nov', 0, None, None]","[7, 1, 'Dec', 0, None, None]","[9, 1, 'Jan', 0, None, None]","[5, 1, 'Dec', 0, None, None]",2020-01-19 18:07:45
Solway Estuary (Scottish counties),nan,nan,nan,nan,nan,nan,nan,nan,nan,nan,nan,nan,nan,nan,nan,nan,nan,nan,nan,nan,nan,nan,nan,nan,nan,nan,nan,nan,nan,nan,nan,nan,nan,nan,nan,nan,"[42, 1, 'Jan', 0, None, None]","[32, 1, 'Dec', 0, None, None]","[23, 1, 'Mar', 0, None, None]","[23, 1, 'Mar', 0, None, None]","[18, 1, 'Dec', 0, None, None]","[13, 1, 'Jan', 0, None, None]",nan,nan,"[0, 2, 'Dec', 0, None, None]","[17, 1, 'Feb', 0, None, None]","[7, 1, 'Feb', 0, None, None]","[17, 1, 'Feb', 0, None, None]","[44, 1, 'Jan', 0, None, None]","[26, 1, 'Dec', 0, None, None]","[33, 1, 'Dec', 0, None, None]","[38, 1, 'Feb', 0, None, None]","[91, 2, 'Apr', 0, None, None]","[64, 1, 'Mar', 0, None, None]","[38, 2, 'Jan', 0, None, None]","[43, 1, 'Feb', 0, None, None]","[33, 2, 'Nov', 0, None, None]","[42, 1, 'Jan', 0, None, None]","[33, 2, 'Mar', 0, None, None]","[38, 1, 'Oct', 0, None, None]","[51, 1, 'Jan', 0, None, None]","[57, 2, 'Jan', 0, None, None]","[23, 1, 'Dec', 0, None, None]","[36, 1, 'Jan', 0, None, None]","[45, 1, 'Feb', 0, None, None]","[48, 1, 'Dec', 0, None, None]","[46, 2, 'Mar', 0, None, None]","[19, 1, 'Nov', 0, None, None]","[45, 1, 'Jan', 0, None, None]","[44, 1, 'Mar', 0, None, None]","[0, 1, 'Jul', 0, None, None]","[53, 1, 'Jan', 0, None, None]","[43, 1, 'Dec', 0, None, None]","[53, 1, 'Dec', 0, None, None]","[22, 2, 'Nov', 0, None, None]","[39, 2, 'Jan', 0, None, None]","[37, 1, 'Feb', 0, None, None]","[46, 1, 'Dec', 0, None, None]","[22, 1, 'Feb', 0, None, None]","[18, 1, 'Nov', 0, None, None]","[7, 1, 'Dec', 0, None, None]","[9, 1, 'Jan', 0, None, None]","[5, 1, 'Dec', 0, None, None]",2020-01-19 18:07:45
South Uist West Coast,nan,nan,nan,nan,nan,nan,nan,nan,nan,nan,nan,nan,nan,nan,nan,nan,nan,nan,nan,nan,nan,nan,nan,nan,nan,nan,nan,nan,nan,nan,nan,nan,nan,nan,nan,nan,nan,nan,nan,nan,nan,nan,nan,nan,nan,nan,nan,nan,nan,nan,nan,nan,nan,nan,nan,nan,nan,nan,nan,nan,nan,nan,nan,nan,nan,nan,nan,nan,nan,nan,nan,nan,nan,nan,nan,"[137, 1, 'Feb', 0, None, None]","[77, 1, 'Jan', 0, None, None]","[60, 1, 'Nov', 0, None, None]","[1, 1, 'Nov', 0, None, None]","[1, 2, 'Jan', 0, None, None]","[36, 1, 'Nov', 0, None, None]","[0, 1, '', 0, None, None]",nan,2020-01-19 18:07:45
North Bay (South Uist),nan,nan,nan,nan,nan,nan,nan,nan,nan,nan,nan,nan,nan,nan,nan,nan,nan,nan,nan,nan,nan,nan,nan,nan,nan,nan,nan,nan,nan,nan,nan,nan,nan,nan,nan,nan,nan,nan,nan,nan,nan,nan,nan,nan,nan,nan,nan,nan,nan,nan,nan,nan,nan,nan,nan,nan,nan,nan,nan,nan,nan,nan,nan,nan,"[56, 1, 'Jan', 1, 'Supplementary visit under the  WeBS Core Count Survey', 'WeBS']","[130, 1, 'Jan', 1, 'Supplementary visit under the  WeBS Core Count Survey', 'WeBS']",nan,"[12, 1, 'Dec', 0, None, None]","[55, 1, 'Dec', 0, None, None]","[96, 1, 'Mar', 0, None, None]","[37, 1, 'Feb', 0, None, None]","[43, 1, 'Dec', 0, None, None]","[79, 1, 'Feb', 0, None, None]","[60, 1, 'Dec', 0, None, None]",nan,"[23, 1, 'Mar', 0, None, None]","[100, 1, 'Apr', 0, None, None]","[44, 1, 'Nov', 0, None, None]","[0, 1, '', 0, None, None]","[0, 1, '', 0, None, None]","[44, 1, 'Mar', 0, None, None]","[9, 1, 'Dec', 0, None, None]","[0, 1, '', 0, None, None]",2020-01-19 18:07:45
Ballycastle - Fair Head,nan,nan,nan,nan,nan,nan,nan,nan,nan,nan,nan,nan,nan,nan,nan,nan,nan,nan,nan,nan,nan,nan,nan,nan,nan,nan,nan,nan,nan,nan,nan,nan,nan,nan,nan,nan,nan,nan,nan,nan,nan,nan,nan,nan,nan,nan,nan,nan,nan,nan,nan,nan,nan,nan,nan,nan,nan,nan,nan,nan,nan,nan,nan,nan,nan,nan,nan,nan,nan,nan,nan,nan,nan,nan,nan,nan,nan,nan,nan,"[0, 1, '', 0, None, None]","[11, 1, 'Mar', 0, None, None]","[14, 1, 'Mar', 0, None, None]","[14, 1, 'Feb', 0, None, None]",2020-01-19 18:07:45
Broadford Bay,nan,nan,nan,nan,nan,nan,nan,nan,nan,nan,nan,nan,nan,nan,nan,nan,nan,nan,nan,nan,nan,nan,nan,nan,nan,nan,nan,nan,nan,nan,nan,nan,nan,nan,nan,nan,nan,nan,nan,nan,nan,nan,nan,nan,nan,nan,nan,nan,nan,nan,nan,nan,nan,nan,nan,nan,nan,nan,nan,"[0, 1, '', 0, None, None]",nan,nan,nan,nan,nan,nan,"[0, 2, '', 0, None, None]","[3, 1, 'Mar', 0, None, None]","[7, 1, 'Jan', 0, None, None]","[21, 1, 'Feb', 0, None, None]","[4, 1, 'Dec', 0, None, None]","[12, 1, 'Jan', 0, None, None]","[25, 1, 'Jan', 0, None, None]","[23, 1, 'Jan', 0, None, None]","[13, 1, 'Dec', 0, None, None]","[12, 1, 'Dec', 0, None, None]","[7, 1, 'Dec', 0, None, None]","[11, 1, 'Dec', 0, None, None]","[10, 2, 'Jan', 0, None, None]","[0, 2, '', 0, None, None]","[0, 2, '', 0, None, None]",nan,nan,2020-01-19 18:07:45
Gills Bay,nan,nan,nan,nan,nan,nan,nan,nan,nan,nan,nan,nan,nan,nan,nan,nan,nan,nan,nan,nan,nan,nan,nan,nan,nan,nan,nan,nan,nan,nan,nan,nan,nan,nan,nan,nan,nan,nan,nan,nan,nan,nan,nan,nan,nan,nan,nan,nan,nan,nan,nan,nan,nan,nan,nan,nan,nan,nan,nan,nan,nan,nan,nan,nan,nan,nan,nan,nan,nan,nan,nan,nan,"[62, 1, 'Feb', 0, None, None]","[3, 1, 'Feb', 0, None, None]","[0, 1, '', 0, None, None]","[6, 1, 'Jan', 0, None, None]","[0, 2, '', 0, None, None]","[0, 2, '', 0, None, None]","[0, 1, '', 0, None, None]","[0, 2, '', 0, None, None]","[0, 1, '', 0, None, None]","[0, 1, '', 0, None, None]","[39, 1, 'Feb', 0, None, None]",2020-01-19 18:07:45
Rest Bay,nan,nan,nan,nan,nan,nan,nan,nan,nan,nan,nan,nan,nan,nan,nan,nan,nan,nan,nan,nan,nan,nan,nan,nan,nan,nan,nan,nan,nan,nan,nan,nan,nan,nan,nan,nan,nan,nan,nan,nan,nan,nan,nan,nan,nan,nan,nan,nan,nan,nan,nan,nan,nan,nan,nan,nan,nan,nan,nan,nan,nan,nan,nan,nan,nan,nan,nan,nan,nan,nan,nan,nan,nan,nan,nan,nan,nan,nan,nan,nan,"[6, 1, 'Mar', 0, None, None]","[13, 1, 'Mar', 0, None, None]","[12, 1, 'Nov', 0, None, None]",2020-01-19 18:07:45
Seaton Sluice to Blyth Estuary (Excl),nan,nan,nan,nan,nan,nan,nan,nan,nan,nan,nan,nan,nan,nan,nan,nan,nan,nan,nan,nan,nan,nan,nan,nan,nan,nan,nan,nan,nan,nan,nan,nan,nan,nan,nan,nan,nan,nan,nan,nan,nan,nan,nan,nan,nan,nan,nan,nan,nan,nan,"[119, 1, 'Nov', 0, None, None]",nan,"[6, 1, 'Dec', 0, None, None]","[94, 1, 'Feb', 0, None, None]","[24, 1, 'Apr', 0, None, None]","[13, 1, 'Mar', 0, None, None]","[11, 1, 'Jan', 0, None, None]","[51, 1, 'Mar', 0, None, None]","[6, 1, 'Feb', 0, None, None]","[0, 1, '', 0, None, None]","[0, 1, '', 0, None, None]","[1, 1, 'Nov', 0, None, None]","[3, 1, 'Dec', 0, None, None]","[3, 1, 'Dec', 0, None, None]","[9, 1, 'Feb', 0, None, None]","[11, 1, 'Jan', 0, None, None]","[14, 1, 'Jan', 0, None, None]","[10, 1, 'Nov', 0, None, None]","[10, 1, 'Nov', 0, None, None]","[9, 1, 'Nov', 0, None, None]","[9, 1, 'Jan', 0, None, None]","[3, 1, 'Mar', 0, None, None]","[3, 1, 'Feb', 0, None, None]","[6, 1, 'Mar', 0, None, None]","[4, 1, 'Nov', 0, None, None]","[2, 1, 'Dec', 0, None, None]","[4, 1, 'Jan', 0, None, None]","[6, 1, 'Jan', 0, None, None]","[13, 1, 'Feb', 0, None, None]","[9, 1, 'Mar', 0, None, None]","[9, 1, 'Jan', 0, None, None]","[13, 1, 'Jan', 0, None, None]","[5, 1, 'Feb', 0, None, None]",2020-01-19 18:07:45
Water Sound,nan,nan,nan,nan,nan,nan,nan,nan,nan,nan,nan,nan,nan,nan,nan,nan,nan,nan,nan,nan,nan,nan,nan,nan,nan,nan,nan,nan,nan,nan,nan,nan,nan,nan,nan,nan,nan,nan,nan,nan,nan,nan,nan,nan,nan,nan,nan,nan,nan,nan,nan,nan,nan,nan,nan,nan,nan,"[0, 1, '', 0, None, None]","[0, 1, '', 0, None, None]","[0, 2, '', 0, None, None]","[0, 1, '', 0, None, None]","[0, 2, '', 0, None, None]","[0, 2, '', 0, None, None]","[0, 1, '', 0, None, None]","[0, 1, '', 0, None, None]","[0, 1, '', 0, None, None]","[5, 1, 'Nov', 0, None, None]","[0, 1, '', 0, None, None]","[0, 1, '', 0, None, None]","[0, 1, '', 0, None, None]","[0, 1, '', 0, None, None]","[0, 1, '', 0, None, None]","[3, 2, 'Mar', 0, None, None]","[0, 1, '', 0, None, None]","[48, 1, 'Dec', 0, None, None]","[24, 1, 'Mar', 0, None, None]","[34, 1, 'Jan', 0, None, None]","[62, 1, 'Mar', 0, None, None]","[9, 1, 'Jan', 0, None, None]","[0, 1, '', 0, None, None]","[41, 1, 'Jan', 0, None, None]","[1, 1, 'Dec', 0, None, None]","[0, 1, '', 0, None, None]",2020-01-19 18:07:45
Inner Loch Indaal,nan,nan,nan,nan,nan,nan,nan,nan,nan,nan,nan,nan,nan,nan,nan,nan,nan,nan,nan,nan,nan,nan,nan,nan,nan,nan,nan,nan,nan,nan,nan,nan,nan,nan,nan,"[0, 1, '', 0, None, None]","[8, 1, 'Jan', 0, None, None]","[0, 1, '', 0, None, None]","[22, 1, 'Jan', 0, None, None]",nan,nan,nan,nan,nan,nan,"[4, 1, 'Mar', 0, None, None]","[13, 1, 'Mar', 0, None, None]","[28, 1, 'Jan', 0, None, None]","[0, 1, '', 0, None, None]","[2, 1, 'Mar', 0, None, None]","[17, 1, 'Mar', 0, None, None]","[20, 1, 'Mar', 0, None, None]","[18, 1, 'Feb', 0, None, None]","[22, 1, 'Jan', 0, None, None]","[17, 1, 'Mar', 0, None, None]","[16, 1, 'Jan', 0, None, None]","[11, 1, 'Dec', 0, None, None]","[13, 1, 'Dec', 0, None, None]","[15, 1, 'Dec', 0, None, None]","[14, 1, 'Dec', 0, None, None]","[9, 1, 'Dec', 0, None, None]","[1, 2, 'Sep', 0, None, None]","[9, 1, 'Feb', 0, None, None]","[12, 1, 'Dec', 0, None, None]","[23, 1, 'Mar', 0, None, None]","[19, 1, 'Feb', 0, None, None]","[3, 1, 'Apr', 0, None, None]","[14, 1, 'Nov', 0, None, None]","[18, 1, 'Mar', 0, None, None]",nan,nan,nan,nan,nan,"[0, 1, '', 0, None, None]","[17, 1, 'Nov', 0, None, None]","[3, 1, 'Dec', 0, None, None]","[1, 1, 'Dec', 0, None, None]","[0, 1, '', 0, None, None]","[11, 2, 'Feb', 0, None, None]","[16, 1, 'Feb', 0, None, None]","[10, 1, 'Jan', 0, None, None]","[6, 1, 'Nov', 0, None, None]",2020-01-19 18:07:45
St Mary's Island,nan,nan,nan,nan,nan,nan,nan,nan,nan,nan,nan,nan,nan,nan,nan,nan,nan,nan,nan,nan,nan,nan,nan,nan,nan,nan,nan,nan,nan,nan,nan,nan,nan,nan,nan,nan,nan,nan,nan,nan,nan,nan,nan,nan,nan,nan,nan,"[190, 1, 'Feb', 0, None, None]","[324, 1, 'Dec', 0, None, None]","[73, 1, 'Sep', 0, None, None]","[4, 1, 'Oct', 0, None, None]","[316, 1, 'Apr', 0, None, None]","[453, 1, 'Mar', 0, None, None]",nan,"[70, 1, 'Nov', 0, None, None]","[22, 1, 'Mar', 0, None, None]","[12, 1, 'Apr', 0, None, None]","[0, 1, '', 0, None, None]","[2, 1, 'Jan', 0, None, None]","[0, 2, '', 0, None, None]","[0, 2, '', 0, None, None]","[3, 1, 'Nov', 0, None, None]","[28, 1, 'Apr', 0, None, None]","[44, 1, 'Mar', 0, None, None]","[18, 1, 'Jan', 0, None, None]","[5, 2, 'Jan', 0, None, None]","[23, 1, 'Mar', 0, None, None]","[8, 1, 'Nov', 0, None, None]","[7, 1, 'Mar', 0, None, None]","[19, 1, 'Mar', 0, None, None]",nan,"[5, 1, 'Feb', 0, None, None]","[14, 2, 'Feb', 0, None, None]","[15, 1, 'Jan', 0, None, None]","[7, 1, 'Mar', 0, None, None]","[9, 1, 'Feb', 0, None, None]","[36, 1, 'Apr', 1, 'Supplementary visit under the  WeBS Core Count Survey', 'WeBS']","[26, 1, 'Apr', 0, None, None]","[4, 1, 'Feb', 0, None, None]","[13, 1, 'Feb', 0, None, None]","[10, 1, 'Apr', 0, None, None]","[11, 1, 'Jan', 0, None, None]","[9, 1, 'Dec', 0, None, None]",2020-01-19 18:07:45
Boyndie Bay,nan,nan,nan,nan,nan,nan,nan,nan,nan,nan,nan,nan,nan,nan,nan,nan,nan,nan,nan,nan,nan,nan,nan,nan,nan,nan,nan,nan,nan,nan,nan,nan,nan,nan,nan,nan,nan,nan,nan,nan,nan,nan,nan,nan,nan,nan,nan,nan,nan,nan,nan,nan,nan,nan,nan,nan,nan,nan,nan,nan,nan,nan,nan,nan,nan,nan,nan,nan,nan,nan,nan,nan,nan,nan,nan,nan,nan,nan,nan,nan,"[10, 1, 'Apr', 0, None, None]","[10, 1, 'Jan', 0, None, None]","[4, 1, 'Nov', 0, None, None]",2020-01-19 18:07:45
Girvan to Turnberry,nan,nan,nan,nan,nan,nan,nan,nan,nan,nan,nan,nan,nan,nan,nan,nan,nan,nan,nan,nan,nan,nan,nan,nan,nan,nan,nan,nan,nan,nan,nan,nan,nan,nan,nan,nan,"[0, 1, '', 0, None, None]","[0, 1, '', 0, None, None]","[0, 1, '', 0, None, None]","[12, 1, 'Nov', 0, None, None]","[70, 1, 'Jan', 0, None, None]","[20, 1, 'Dec', 0, None, None]","[9, 1, 'Feb', 0, None, None]","[9, 1, 'Dec', 0, None, None]","[0, 1, '', 0, None, None]","[0, 1, '', 0, None, None]","[5, 1, 'Jan', 0, None, None]","[0, 1, '', 0, None, None]","[4, 1, 'Dec', 0, None, None]","[0, 1, '', 0, None, None]","[0, 1, '', 0, None, None]","[1, 1, 'Dec', 0, None, None]","[7, 1, 'Jan', 0, None, None]","[0, 1, '', 0, None, None]","[0, 1, '', 0, None, None]","[24, 1, 'Mar', 0, None, None]","[10, 1, 'Feb', 0, None, None]","[42, 1, 'Feb', 0, None, None]","[0, 1, '', 0, None, None]","[37, 1, 'Feb', 0, None, None]","[43, 1, 'Nov', 0, None, None]","[20, 1, 'Dec', 0, None, None]","[9, 1, 'Nov', 0, None, None]","[4, 1, 'Nov', 0, None, None]","[0, 1, '', 0, None, None]","[62, 1, 'Jan', 0, None, None]","[0, 1, '', 0, None, None]","[41, 1, 'Dec', 0, None, None]","[0, 1, '', 0, None, None]","[0, 1, '', 0, None, None]","[0, 1, '', 0, None, None]","[0, 2, '', 0, None, None]","[0, 1, '', 0, None, None]","[0, 1, '', 0, None, None]","[0, 1, '', 0, None, None]","[0, 1, '', 0, None, None]","[0, 1, '', 0, None, None]","[0, 1, '', 0, None, None]","[0, 1, '', 0, None, None]","[0, 2, '', 0, None, None]","[0, 1, '', 0, None, None]","[26, 1, 'Jan', 0, None, None]","[6, 1, 'Dec', 0, None, None]",2020-01-19 18:07:45
Loch Inver,nan,nan,nan,nan,nan,nan,nan,nan,nan,nan,nan,nan,nan,nan,nan,nan,nan,nan,nan,nan,nan,nan,nan,nan,nan,nan,nan,nan,nan,nan,nan,nan,nan,nan,nan,nan,nan,nan,nan,nan,nan,nan,nan,nan,nan,nan,nan,nan,nan,nan,nan,nan,nan,nan,nan,nan,nan,nan,nan,nan,nan,nan,nan,nan,"[0, 2, '', 0, None, None]",nan,nan,nan,"[0, 2, '', 0, None, None]","[0, 1, '', 0, None, None]","[14, 1, 'Jan', 0, None, None]","[12, 2, 'Apr', 0, None, None]","[10, 1, 'Jan', 0, None, None]","[15, 1, 'Nov', 0, None, None]","[4, 1, 'Feb', 0, None, None]","[17, 1, 'Apr', 0, None, None]","[1, 1, 'Jan', 0, None, None]","[10, 1, 'Dec', 0, None, None]","[3, 1, 'Nov', 0, None, None]","[2, 1, 'Jan', 0, None, None]","[9, 1, 'Dec', 0, None, None]","[20, 1, 'Mar', 0, None, None]","[5, 1, 'Nov', 0, None, None]",2020-01-19 18:07:45
Prawle Point to Horseley Cove,nan,nan,nan,nan,nan,nan,nan,nan,nan,nan,nan,nan,nan,nan,nan,nan,nan,nan,nan,nan,nan,nan,nan,nan,nan,nan,nan,nan,nan,nan,nan,nan,nan,nan,nan,nan,nan,nan,nan,nan,nan,nan,nan,nan,nan,nan,nan,nan,nan,nan,nan,nan,nan,nan,nan,nan,nan,nan,nan,nan,nan,nan,nan,nan,nan,nan,nan,nan,nan,nan,nan,"[19, 1, 'Dec', 0, None, None]","[18, 1, 'Jan', 0, None, None]","[18, 1, 'Mar', 0, None, None]","[7, 1, 'Jan', 0, None, None]","[16, 1, 'Feb', 0, None, None]","[13, 1, 'Mar', 0, None, None]","[9, 1, 'Dec', 0, None, None]","[10, 1, 'Feb', 0, None, None]","[11, 1, 'Dec', 0, None, None]","[7, 1, 'Mar', 0, None, None]","[6, 1, 'Feb', 0, None, None]","[8, 1, 'Feb', 0, None, None]",2020-01-19 18:07:45
Severn Estuary,nan,nan,nan,nan,nan,nan,nan,nan,nan,nan,nan,nan,nan,nan,nan,nan,nan,nan,nan,nan,nan,nan,nan,nan,nan,nan,nan,nan,nan,nan,nan,nan,nan,nan,nan,"[2, 1, 'Feb', 0, None, None]","[5, 1, 'Dec', 0, None, None]","[1, 1, 'Mar', 0, None, None]","[2, 1, 'Mar', 0, None, None]","[2, 1, 'Mar', 0, None, None]","[3, 1, 'Feb', 0, None, None]","[1, 1, 'Nov', 0, None, None]","[1, 1, 'Sep', 0, None, None]","[5, 1, 'Jan', 0, None, None]","[4, 1, 'Jan', 0, None, None]","[6, 1, 'Mar', 0, None, None]","[3, 1, 'Nov', 0, None, None]","[4, 1, 'Dec', 0, None, None]","[4, 1, 'Dec', 0, None, None]","[3, 1, 'Dec', 0, None, None]","[7, 1, 'Mar', 0, None, None]","[2, 1, 'Dec', 0, None, None]","[3, 1, 'Dec', 0, None, None]","[4, 1, 'Jan', 0, None, None]","[1, 1, 'Mar', 0, None, None]","[0, 2, '', 0, None, None]","[0, 1, '', 0, None, None]","[1, 1, 'Jan', 0, None, None]","[0, 1, '', 0, None, None]","[1, 1, 'Feb', 0, None, None]","[0, 1, '', 0, None, None]","[0, 1, '', 0, None, None]","[0, 1, '', 0, None, None]","[4, 1, 'Dec', 0, None, None]","[6, 1, 'Feb', 0, None, None]","[1, 1, 'Oct', 0, None, None]","[160, 1, 'Sep', 1, 'Supplementary visit under the  WeBS Core Count Survey', 'WeBS']","[4, 1, 'Dec', 1, 'Standard visit under the WeBS Low Tide Count Survey', 'WeBS']","[2, 2, 'Feb', 0, None, None]","[0, 1, '', 0, None, None]","[1, 1, 'Dec', 0, None, None]","[1, 1, 'Dec', 0, None, None]","[0, 1, '', 0, None, None]","[12, 1, 'Jan', 1, 'Standard visit under the WeBS Low Tide Count Survey', 'WeBS']","[0, 1, '', 0, None, None]","[8, 1, 'May', 0, None, None]","[15, 1, 'Feb', 0, None, None]","[8, 1, 'Dec', 0, None, None]","[8, 1, 'Dec', 0, None, None]","[3, 1, 'Jan', 0, None, None]","[14, 1, 'Feb', 0, None, None]","[6, 1, 'Nov', 0, None, None]","[8, 1, 'Feb', 0, None, None]",2020-01-19 18:07:45
Severn Estuary (English counties),nan,nan,nan,nan,nan,nan,nan,nan,nan,nan,nan,nan,nan,nan,nan,nan,nan,nan,nan,nan,nan,nan,nan,nan,nan,nan,nan,nan,nan,nan,nan,nan,nan,nan,nan,"[2, 1, 'Feb', 0, None, None]","[5, 1, 'Dec', 0, None, None]","[1, 1, 'Mar', 0, None, None]","[2, 1, 'Mar', 0, None, None]","[2, 1, 'Mar', 0, None, None]","[3, 1, 'Feb', 0, None, None]","[1, 1, 'Nov', 0, None, None]","[1, 1, 'Sep', 0, None, None]","[5, 1, 'Jan', 0, None, None]","[4, 1, 'Jan', 0, None, None]","[6, 1, 'Mar', 0, None, None]","[3, 1, 'Nov', 0, None, None]","[4, 1, 'Dec', 0, None, None]","[4, 1, 'Dec', 0, None, None]","[3, 1, 'Dec', 0, None, None]","[7, 1, 'Mar', 0, None, None]","[2, 1, 'Dec', 0, None, None]","[3, 1, 'Dec', 0, None, None]","[4, 1, 'Jan', 0, None, None]","[0, 1, '', 0, None, None]","[0, 2, '', 0, None, None]","[0, 1, '', 0, None, None]","[1, 1, 'Jan', 0, None, None]","[0, 1, '', 0, None, None]","[1, 1, 'Feb', 0, None, None]","[0, 1, '', 0, None, None]","[0, 1, '', 0, None, None]","[0, 1, '', 0, None, None]","[4, 1, 'Dec', 0, None, None]","[6, 1, 'Feb', 0, None, None]","[1, 1, 'Oct', 0, None, None]","[4, 1, 'Jan', 0, None, None]","[2, 1, 'Jan', 0, None, None]","[2, 2, 'Feb', 0, None, None]","[0, 1, '', 0, None, None]","[1, 1, 'Dec', 0, None, None]","[1, 1, 'Dec', 0, None, None]","[0, 1, '', 0, None, None]","[1, 1, 'Nov', 0, None, None]","[0, 1, '', 0, None, None]","[8, 1, 'May', 0, None, None]","[15, 1, 'Feb', 0, None, None]","[8, 1, 'Dec', 0, None, None]","[8, 1, 'Dec', 0, None, None]","[3, 1, 'Jan', 0, None, None]","[14, 1, 'Feb', 0, None, None]","[6, 1, 'Nov', 0, None, None]","[8, 1, 'Feb', 0, None, None]",2020-01-19 18:07:45
Colwyn and Penrhyn Bays,nan,nan,nan,nan,nan,nan,nan,nan,nan,nan,nan,nan,nan,nan,nan,nan,nan,nan,nan,nan,nan,nan,nan,nan,nan,nan,nan,nan,nan,nan,nan,nan,nan,nan,nan,nan,nan,nan,nan,nan,nan,nan,nan,nan,nan,nan,nan,nan,nan,nan,nan,nan,nan,nan,nan,nan,nan,nan,"[2, 1, 'May', 0, None, None]","[0, 1, '', 0, None, None]","[0, 1, '', 0, None, None]",nan,nan,nan,nan,nan,nan,nan,nan,nan,nan,nan,nan,nan,nan,nan,nan,nan,nan,"[7, 1, 'Mar', 0, None, None]","[7, 1, 'Mar', 0, None, None]",nan,nan,2020-01-19 18:07:45
Mersey Estuary,nan,nan,nan,nan,nan,nan,nan,nan,nan,nan,nan,nan,nan,nan,nan,nan,nan,nan,nan,nan,nan,nan,nan,nan,nan,nan,nan,nan,nan,nan,nan,nan,nan,nan,nan,"[0, 1, '', 0, None, None]","[0, 2, '', 0, None, None]","[0, 1, '', 0, None, None]","[0, 1, '', 0, None, None]","[0, 1, '', 0, None, None]","[0, 1, '', 0, None, None]","[0, 1, '', 0, None, None]","[0, 1, '', 0, None, None]","[0, 1, '', 0, None, None]","[0, 1, '', 0, None, None]","[0, 1, '', 0, None, None]","[0, 1, '', 0, None, None]","[0, 1, '', 0, None, None]","[0, 1, '', 0, None, None]","[0, 1, '', 0, None, None]","[0, 1, '', 0, None, None]","[0, 1, '', 0, None, None]","[0, 1, '', 0, None, None]","[0, 1, '', 0, None, None]","[0, 1, '', 0, None, None]","[0, 1, '', 0, None, None]","[0, 1, '', 0, None, None]","[0, 2, '', 0, None, None]","[0, 1, '', 0, None, None]","[0, 1, '', 0, None, None]","[0, 1, '', 0, None, None]","[3, 1, 'Dec', 1, 'Standard visit under the WeBS Low Tide Count Survey', 'WeBS']","[0, 1, '', 0, None, None]","[0, 1, '', 0, None, None]","[0, 1, '', 0, None, None]","[0, 1, '', 0, None, None]","[0, 1, '', 0, None, None]","[0, 1, '', 0, None, None]","[0, 1, '', 0, None, None]","[0, 1, '', 0, None, None]","[0, 1, '', 0, None, None]","[0, 1, '', 0, None, None]","[0, 1, '', 0, None, None]","[0, 1, '', 0, None, None]","[0, 1, '', 0, None, None]","[0, 1, '', 0, None, None]","[20, 1, 'Feb', 0, None, None]","[19, 1, 'Jan', 0, None, None]","[17, 1, 'Mar', 0, None, None]","[2, 1, 'Nov', 0, None, None]","[0, 1, '', 0, None, None]","[10, 1, 'Mar', 0, None, None]","[8, 1, 'Dec', 0, None, None]",2020-01-19 18:07:45
Newhaven,nan,nan,nan,nan,nan,nan,nan,nan,nan,nan,nan,nan,nan,nan,nan,nan,nan,nan,nan,nan,nan,nan,nan,nan,nan,nan,nan,nan,nan,nan,nan,nan,nan,nan,nan,nan,nan,nan,nan,nan,"[23, 1, 'Dec', 0, None, None]","[24, 1, 'Jan', 0, None, None]","[16, 1, 'Jan', 0, None, None]","[24, 1, 'Jan', 0, None, None]",nan,"[32, 1, 'Jan', 0, None, None]","[37, 1, 'Feb', 0, None, None]","[32, 1, 'Mar', 0, None, None]","[24, 1, 'Jan', 0, None, None]","[22, 1, 'Dec', 0, None, None]","[24, 1, 'Jan', 0, None, None]","[28, 1, 'Feb', 0, None, None]","[0, 1, '', 0, None, None]","[4, 1, 'Jan', 0, None, None]","[20, 1, 'Feb', 0, None, None]","[12, 1, 'Nov', 0, None, None]","[9, 1, 'Mar', 0, None, None]","[6, 1, 'Dec', 0, None, None]","[7, 1, 'Nov', 0, None, None]","[11, 1, 'Jan', 0, None, None]","[5, 1, 'Feb', 0, None, None]","[9, 1, 'Dec', 0, None, None]","[7, 1, 'Nov', 0, None, None]","[2, 1, 'Jan', 0, None, None]","[0, 1, '', 0, None, None]","[0, 1, '', 0, None, None]","[9, 1, 'Feb', 0, None, None]","[0, 1, '', 0, None, None]","[9, 1, 'Mar', 0, None, None]","[6, 1, 'Nov', 0, None, None]","[0, 1, '', 0, None, None]","[10, 1, 'Nov', 0, None, None]","[14, 2, 'Dec', 0, None, None]","[14, 1, 'Jan', 0, None, None]","[12, 2, 'Nov', 0, None, None]","[16, 1, 'Jan', 0, None, None]","[0, 2, '', 0, None, None]","[0, 1, '', 0, None, None]","[14, 1, 'Dec', 0, None, None]","[0, 1, '', 0, None, None]","[10, 1, 'Feb', 0, None, None]","[5, 1, 'Nov', 0, None, None]","[7, 1, 'Nov', 0, None, None]",2020-01-19 18:07:45
Ogmore Estuary,nan,nan,nan,nan,nan,nan,nan,nan,nan,nan,nan,nan,nan,nan,nan,nan,nan,nan,nan,nan,nan,nan,nan,nan,nan,nan,nan,nan,nan,nan,nan,nan,nan,nan,nan,nan,nan,nan,nan,nan,nan,nan,nan,nan,nan,nan,nan,nan,nan,nan,"[5, 1, 'Jan', 0, None, None]","[5, 1, 'Mar', 0, None, None]",nan,nan,nan,nan,nan,"[5, 1, 'Nov', 0, None, None]","[0, 1, '', 0, None, None]",nan,"[0, 2, '', 0, None, None]","[5, 2, 'Jan', 0, None, None]","[2, 1, 'Dec', 0, None, None]","[2, 2, 'Mar', 0, None, None]","[1, 1, 'Nov', 0, None, None]","[7, 1, 'Jan', 0, None, None]","[4, 1, 'Mar', 0, None, None]","[0, 1, '', 0, None, None]","[2, 1, 'Dec', 0, None, None]","[18, 1, 'Mar', 0, None, None]","[18, 1, 'Jan', 0, None, None]","[16, 1, 'Dec', 0, None, None]","[17, 1, 'Dec', 0, None, None]","[20, 1, 'Nov', 0, None, None]","[20, 1, 'Jan', 0, None, None]","[16, 1, 'Nov', 0, None, None]","[6, 1, 'Dec', 0, None, None]","[7, 1, 'Nov', 0, None, None]","[8, 1, 'Feb', 0, None, None]","[9, 1, 'Mar', 0, None, None]","[3, 1, 'Jan', 0, None, None]","[16, 1, 'Dec', 0, None, None]","[1, 1, 'Nov', 0, None, None]",2020-01-19 18:07:45
Scarborough Cliff Lifts to Black Rocks,nan,nan,nan,nan,nan,nan,nan,nan,nan,nan,nan,nan,nan,nan,nan,nan,nan,nan,nan,nan,nan,nan,nan,nan,nan,nan,nan,nan,nan,nan,nan,nan,nan,nan,nan,nan,nan,nan,nan,nan,nan,nan,nan,nan,nan,nan,nan,nan,nan,nan,nan,nan,nan,nan,nan,nan,nan,nan,nan,nan,nan,nan,nan,nan,nan,nan,nan,nan,nan,nan,nan,nan,"[41, 1, 'Jan', 0, None, None]","[49, 1, 'Jan', 0, None, None]","[6, 1, 'Jan', 0, None, None]","[6, 1, 'Jan', 0, None, None]","[18, 1, 'Jan', 0, None, None]","[45, 1, 'Jan', 0, None, None]","[14, 1, 'Jan', 0, None, None]","[1, 1, 'Jan', 0, None, None]",nan,"[0, 1, '', 0, None, None]","[14, 1, 'Jan', 0, None, None]",2020-01-19 18:07:45
Cemlyn Bay and Lagoon,nan,nan,nan,nan,nan,nan,nan,nan,nan,nan,nan,nan,nan,nan,nan,nan,nan,nan,nan,nan,nan,nan,nan,nan,nan,nan,nan,nan,nan,nan,nan,nan,nan,nan,nan,nan,nan,nan,nan,nan,nan,nan,nan,nan,nan,nan,nan,nan,nan,nan,nan,nan,nan,nan,nan,nan,nan,nan,nan,nan,"[0, 1, '', 0, None, None]","[11, 1, 'Mar', 0, None, None]",nan,"[0, 1, '', 0, None, None]","[0, 1, '', 0, None, None]",nan,"[12, 1, 'Feb', 0, None, None]","[11, 1, 'Oct', 0, None, None]","[9, 1, 'Feb', 0, None, None]","[7, 1, 'Dec', 0, None, None]","[7, 1, 'Feb', 0, None, None]","[0, 1, '', 0, None, None]","[12, 1, 'Apr', 0, None, None]","[16, 1, 'Feb', 0, None, None]","[7, 1, 'Feb', 0, None, None]","[6, 1, 'Mar', 0, None, None]","[15, 1, 'Dec', 0, None, None]","[4, 1, 'Mar', 0, None, None]","[0, 1, '', 0, None, None]","[9, 1, 'Mar', 0, None, None]","[7, 1, 'Mar', 0, None, None]","[7, 1, 'Nov', 0, None, None]",nan,2020-01-19 18:07:45
Duddon Estuary,nan,nan,nan,nan,nan,nan,nan,nan,nan,nan,nan,nan,nan,nan,nan,nan,nan,nan,nan,nan,nan,nan,nan,nan,nan,nan,nan,nan,nan,nan,nan,nan,nan,nan,nan,nan,"[0, 2, '', 0, None, None]","[0, 1, '', 0, None, None]","[0, 1, '', 0, None, None]","[0, 1, '', 0, None, None]","[0, 1, '', 0, None, None]","[0, 1, '', 0, None, None]","[0, 1, '', 0, None, None]","[0, 1, '', 0, None, None]","[0, 2, '', 0, None, None]","[0, 2, '', 0, None, None]","[0, 2, '', 0, None, None]","[0, 1, '', 0, None, None]","[46, 1, 'Apr', 0, None, None]","[36, 1, 'Mar', 0, None, None]","[38, 1, 'Jan', 0, None, None]","[30, 1, 'Jan', 0, None, None]","[52, 1, 'Feb', 0, None, None]","[50, 1, 'Dec', 0, None, None]","[56, 1, 'Apr', 0, None, None]","[45, 1, 'Dec', 0, None, None]","[46, 1, 'Mar', 0, None, None]","[32, 1, 'Nov', 0, None, None]","[28, 1, 'Apr', 0, None, None]","[24, 1, 'Jan', 0, None, None]","[12, 1, 'Jan', 0, None, None]","[15, 1, 'Dec', 0, None, None]","[5, 1, 'Jan', 0, None, None]","[0, 1, '', 0, None, None]","[0, 1, '', 0, None, None]","[0, 1, '', 0, None, None]","[1, 2, 'Jan', 0, None, None]","[0, 1, '', 0, None, None]","[1, 1, 'Dec', 0, None, None]","[3, 1, 'Dec', 0, None, None]","[2, 1, 'Apr', 0, None, None]","[9, 1, 'Apr', 0, None, None]","[11, 1, 'Apr', 0, None, None]","[12, 1, 'Feb', 0, None, None]","[1, 1, 'Oct', 0, None, None]","[8, 1, 'Dec', 0, None, None]","[2, 1, 'Feb', 0, None, None]","[3, 1, 'Mar', 0, None, None]","[7, 1, 'Jan', 0, None, None]","[5, 1, 'Nov', 0, None, None]","[14, 1, 'Jan', 0, None, None]","[3, 1, 'Nov', 0, None, None]","[2, 1, 'Dec', 0, None, None]",2020-01-19 18:07:45
Foreland,nan,nan,nan,nan,nan,nan,nan,nan,nan,nan,nan,nan,nan,nan,nan,nan,nan,nan,nan,nan,nan,nan,nan,nan,nan,nan,nan,nan,nan,nan,nan,nan,nan,nan,nan,nan,nan,nan,nan,nan,nan,nan,nan,nan,nan,nan,nan,nan,nan,nan,nan,"[16, 1, 'Mar', 0, None, None]","[19, 1, 'Jan', 0, None, None]","[16, 1, 'Feb', 0, None, None]",nan,nan,nan,nan,"[4, 1, 'Nov', 0, None, None]","[15, 1, 'Jan', 0, None, None]","[13, 1, 'Feb', 0, None, None]","[8, 2, 'Jan', 0, None, None]","[4, 1, 'Mar', 0, None, None]","[6, 1, 'Jan', 0, None, None]","[14, 1, 'Jan', 0, None, None]","[11, 1, 'Dec', 0, None, None]","[14, 1, 'Dec', 0, None, None]","[14, 1, 'Jan', 0, None, None]","[12, 1, 'Dec', 0, None, None]","[8, 1, 'Feb', 0, None, None]","[8, 1, 'Dec', 0, None, None]","[9, 1, 'Dec', 0, None, None]","[5, 1, 'Dec', 0, None, None]","[10, 1, 'Nov', 0, None, None]","[0, 1, '', 0, None, None]","[0, 2, '', 0, None, None]","[0, 1, '', 0, None, None]",nan,nan,"[9, 1, 'Feb', 0, None, None]","[0, 2, '', 0, None, None]","[5, 1, 'Nov', 0, None, None]","[4, 1, 'Feb', 0, None, None]",2020-01-19 18:07:45
Whitehaven Harbour,nan,nan,nan,nan,nan,nan,nan,nan,nan,nan,nan,nan,nan,nan,nan,nan,nan,nan,nan,nan,nan,nan,nan,nan,nan,nan,nan,nan,nan,nan,nan,nan,nan,nan,nan,nan,nan,nan,nan,nan,nan,nan,nan,nan,nan,nan,nan,nan,nan,nan,nan,nan,nan,nan,nan,nan,nan,nan,nan,nan,nan,nan,nan,nan,nan,nan,nan,nan,nan,nan,nan,nan,nan,nan,nan,nan,"[6, 1, 'Nov', 0, None, None]","[14, 1, 'Jan', 0, None, None]","[6, 1, 'Dec', 0, None, None]","[6, 1, 'Jan', 0, None, None]","[6, 1, 'Dec', 0, None, None]",nan,nan,2020-01-19 18:07:45
Alnmouth to Boulmer,nan,nan,nan,nan,nan,nan,nan,nan,nan,nan,nan,nan,nan,nan,nan,nan,nan,nan,nan,nan,nan,nan,nan,nan,nan,nan,nan,nan,nan,nan,nan,nan,nan,nan,nan,nan,nan,nan,nan,nan,nan,nan,nan,nan,nan,nan,nan,"[45, 1, 'Mar', 0, None, None]","[20, 1, 'Apr', 0, None, None]","[6, 1, 'Dec', 0, None, None]","[52, 1, 'Apr', 0, None, None]","[46, 1, 'Mar', 0, None, None]","[40, 1, 'Nov', 0, None, None]","[15, 1, 'Feb', 0, None, None]","[14, 1, 'Mar', 0, None, None]","[93, 1, 'Apr', 0, None, None]","[26, 1, 'Mar', 0, None, None]","[25, 1, 'Apr', 0, None, None]","[18, 1, 'Dec', 0, None, None]","[13, 1, 'Apr', 0, None, None]","[12, 1, 'Apr', 0, None, None]","[8, 1, 'Nov', 0, None, None]","[21, 1, 'Mar', 0, None, None]","[4, 1, 'Apr', 0, None, None]","[17, 1, 'May', 0, None, None]","[7, 1, 'Feb', 0, None, None]","[5, 1, 'Mar', 0, None, None]","[2, 1, 'Feb', 0, None, None]","[4, 1, 'Feb', 0, None, None]","[3, 1, 'Nov', 0, None, None]","[15, 1, 'Mar', 0, None, None]","[5, 1, 'Mar', 0, None, None]","[6, 1, 'Apr', 0, None, None]","[12, 2, 'Nov', 0, None, None]","[11, 1, 'Jan', 0, None, None]","[6, 1, 'Dec', 0, None, None]","[8, 1, 'Feb', 0, None, None]","[7, 1, 'Nov', 0, None, None]","[4, 1, 'Dec', 0, None, None]","[1, 1, 'Mar', 0, None, None]","[10, 1, 'Jan', 0, None, None]","[6, 1, 'Nov', 0, None, None]","[2, 1, 'Feb', 0, None, None]",2020-01-19 18:07:45
Anstruther Bay,nan,nan,nan,nan,nan,nan,nan,nan,nan,nan,nan,nan,nan,nan,nan,nan,nan,nan,nan,nan,nan,nan,nan,nan,nan,nan,nan,nan,nan,nan,nan,nan,nan,nan,nan,nan,nan,nan,nan,nan,nan,nan,nan,nan,nan,nan,nan,nan,nan,nan,nan,nan,nan,nan,nan,nan,"[3, 1, 'Dec', 0, None, None]","[5, 1, 'Jan', 0, None, None]","[6, 1, 'Jan', 0, None, None]","[12, 2, 'Apr', 0, None, None]","[0, 2, '', 0, None, None]","[2, 1, 'Nov', 0, None, None]","[1, 1, 'Mar', 0, None, None]","[1, 2, 'Mar', 0, None, None]","[1, 1, 'Nov', 0, None, None]","[1, 1, 'Feb', 0, None, None]","[10, 1, 'Mar', 0, None, None]","[0, 1, '', 0, None, None]","[0, 1, '', 0, None, None]","[6, 1, 'Nov', 0, None, None]","[6, 1, 'Feb', 0, None, None]","[4, 1, 'Dec', 0, None, None]","[1, 1, 'Apr', 0, None, None]","[2, 1, 'Jan', 0, None, None]","[0, 1, '', 0, None, None]","[5, 1, 'Dec', 0, None, None]","[1, 1, 'Oct', 0, None, None]","[1, 1, 'Mar', 0, None, None]","[1, 1, 'Feb', 0, None, None]","[9, 1, 'Mar', 0, None, None]","[0, 1, '', 0, None, None]","[12, 1, 'Mar', 0, None, None]","[1, 1, 'Oct', 0, None, None]",2020-01-19 18:07:45
Colwyn Bay and North Clwyd Coast,nan,nan,nan,nan,nan,nan,nan,nan,nan,nan,nan,nan,nan,nan,nan,nan,nan,nan,nan,nan,nan,nan,nan,nan,nan,nan,nan,nan,nan,nan,nan,nan,nan,nan,nan,nan,nan,nan,nan,nan,nan,nan,nan,nan,nan,nan,nan,nan,nan,nan,nan,"[0, 1, '', 0, None, None]","[0, 1, '', 0, None, None]","[1, 1, 'Dec', 0, None, None]","[0, 1, '', 0, None, None]","[0, 1, '', 0, None, None]","[0, 1, '', 0, None, None]","[0, 1, '', 0, None, None]","[3, 1, 'May', 0, None, None]","[0, 1, '', 0, None, None]","[0, 1, '', 0, None, None]","[0, 2, '', 0, None, None]","[0, 1, '', 0, None, None]","[0, 1, '', 0, None, None]","[0, 1, '', 0, None, None]","[0, 2, '', 0, None, None]","[0, 1, '', 0, None, None]","[0, 1, '', 0, None, None]","[0, 1, '', 0, None, None]","[0, 1, '', 0, None, None]","[0, 1, '', 0, None, None]","[0, 1, '', 0, None, None]","[0, 1, '', 0, None, None]","[0, 1, '', 0, None, None]","[0, 1, '', 0, None, None]","[0, 1, '', 0, None, None]","[0, 1, '', 0, None, None]","[0, 1, '', 0, None, None]","[0, 1, '', 0, None, None]","[7, 1, 'Mar', 0, None, None]","[7, 1, 'Mar', 0, None, None]","[5, 1, 'Feb', 0, None, None]","[4, 1, 'Feb', 0, None, None]",2020-01-19 18:07:45
Fishguard Harbour,nan,nan,nan,nan,nan,nan,nan,nan,nan,nan,nan,nan,nan,nan,nan,nan,nan,nan,nan,nan,nan,nan,nan,nan,nan,nan,nan,nan,nan,nan,nan,nan,nan,nan,nan,nan,nan,nan,nan,nan,nan,nan,nan,nan,nan,nan,nan,nan,nan,nan,"[0, 1, '', 0, None, None]",nan,nan,nan,nan,nan,nan,nan,nan,nan,nan,"[0, 1, '', 0, None, None]",nan,"[0, 1, '', 0, None, None]","[0, 2, '', 0, None, None]","[0, 1, '', 0, None, None]","[0, 1, '', 0, None, None]","[9, 1, 'Nov', 0, None, None]","[7, 1, 'Feb', 0, None, None]","[3, 1, 'Nov', 0, None, None]","[2, 1, 'Feb', 0, None, None]",nan,"[6, 1, 'Feb', 0, None, None]","[5, 1, 'Mar', 0, None, None]","[7, 1, 'Jan', 0, None, None]","[7, 1, 'Jan', 0, None, None]","[1, 1, 'Mar', 0, None, None]","[0, 1, '', 0, None, None]","[7, 1, 'Jan', 0, None, None]","[4, 1, 'Jan', 0, None, None]","[7, 1, 'Feb', 0, None, None]","[1, 1, 'Jan', 0, None, None]","[4, 1, 'Jan', 0, None, None]",2020-01-19 18:07:45
Scalby Mills,nan,nan,nan,nan,nan,nan,nan,nan,nan,nan,nan,nan,nan,nan,nan,nan,nan,nan,nan,nan,nan,nan,nan,nan,nan,nan,nan,nan,nan,nan,nan,nan,nan,nan,nan,nan,nan,nan,nan,nan,nan,nan,nan,nan,nan,nan,nan,nan,nan,nan,nan,nan,nan,nan,nan,nan,nan,nan,nan,nan,nan,nan,nan,nan,nan,nan,nan,nan,nan,nan,nan,nan,"[0, 1, '', 0, None, None]","[0, 1, '', 0, None, None]","[5, 1, 'Jan', 0, None, None]","[1, 1, 'Jan', 0, None, None]","[0, 1, '', 0, None, None]","[0, 1, '', 0, None, None]","[11, 1, 'Feb', 0, None, None]","[1, 1, 'Dec', 0, None, None]","[2, 1, 'Nov', 0, None, None]","[0, 1, '', 0, None, None]","[12, 1, 'Feb', 0, None, None]",2020-01-19 18:07:45
St Cyrus to Stonehaven,nan,nan,nan,nan,nan,nan,nan,nan,nan,nan,nan,nan,nan,nan,nan,nan,nan,nan,nan,nan,nan,nan,nan,nan,nan,nan,nan,nan,nan,nan,nan,nan,nan,nan,nan,nan,nan,nan,nan,nan,nan,nan,nan,nan,nan,nan,nan,nan,nan,nan,nan,nan,nan,nan,nan,nan,nan,nan,nan,nan,nan,nan,nan,nan,nan,nan,nan,nan,nan,nan,nan,nan,nan,nan,nan,"[7, 1, 'Oct', 0, None, None]","[9, 1, 'Feb', 0, None, None]","[2, 1, 'Dec', 0, None, None]","[0, 1, '', 0, None, None]","[5, 1, 'Nov', 0, None, None]","[11, 1, 'Apr', 0, None, None]","[2, 1, 'Jan', 0, None, None]","[5, 1, 'Nov', 0, None, None]",2020-01-19 18:07:45
Thanet Coast,nan,nan,nan,nan,nan,nan,nan,nan,nan,nan,nan,nan,nan,nan,nan,nan,nan,nan,nan,nan,nan,nan,nan,nan,nan,nan,nan,nan,nan,nan,nan,nan,nan,nan,nan,nan,nan,nan,nan,nan,nan,nan,nan,nan,nan,nan,nan,nan,nan,nan,nan,"[106, 1, 'Feb', 0, None, None]","[117, 1, 'Jan', 0, None, None]","[96, 1, 'Jan', 0, None, None]","[92, 1, 'Apr', 0, None, None]","[102, 1, 'Mar', 0, None, None]","[82, 1, 'Dec', 0, None, None]","[72, 1, 'Jan', 0, None, None]","[65, 1, 'Feb', 0, None, None]","[54, 1, 'Mar', 0, None, None]",nan,"[7, 1, 'Dec', 0, None, None]","[43, 1, 'Dec', 0, None, None]","[34, 1, 'Dec', 0, None, None]","[35, 1, 'Dec', 0, None, None]","[34, 1, 'Nov', 0, None, None]","[39, 1, 'Jan', 0, None, None]","[43, 1, 'Jan', 0, None, None]","[46, 1, 'Dec', 0, None, None]","[38, 1, 'Nov', 0, None, None]","[33, 1, 'Dec', 0, None, None]","[37, 1, 'Nov', 0, None, None]","[27, 1, 'Feb', 0, None, None]","[41, 1, 'Feb', 0, None, None]","[43, 2, 'Jan', 0, None, None]","[3, 1, 'Oct', 0, None, None]","[18, 1, 'Mar', 0, None, None]","[24, 1, 'Jan', 0, None, None]","[10, 1, 'Jan', 0, None, None]","[2, 1, 'Dec', 0, None, None]","[1, 1, 'Mar', 0, None, None]","[9, 1, 'Feb', 0, None, None]","[3, 1, 'Nov', 0, None, None]",2020-01-19 18:07:45
Tyne Estuary,nan,nan,nan,nan,nan,nan,nan,nan,nan,nan,nan,nan,nan,nan,nan,nan,nan,nan,nan,nan,nan,nan,nan,nan,nan,nan,nan,nan,nan,nan,nan,nan,nan,nan,nan,nan,nan,nan,nan,nan,nan,nan,nan,nan,nan,nan,nan,nan,nan,"[9, 1, 'Nov', 0, None, None]","[2, 1, 'Jan', 0, None, None]","[19, 1, 'Feb', 0, None, None]",nan,"[12, 1, 'Feb', 0, None, None]","[17, 1, 'Jan', 0, None, None]",nan,nan,nan,"[0, 2, '', 0, None, None]","[6, 1, 'Feb', 0, None, None]","[9, 1, 'Feb', 0, None, None]","[0, 1, '', 0, None, None]","[16, 1, 'Apr', 0, None, None]","[46, 1, 'Feb', 0, None, None]","[44, 1, 'May', 0, None, None]","[38, 1, 'Jan', 0, None, None]","[6, 1, 'Nov', 0, None, None]","[12, 1, 'Nov', 0, None, None]","[18, 1, 'Dec', 0, None, None]","[10, 1, 'Dec', 0, None, None]","[5, 1, 'Apr', 0, None, None]","[6, 1, 'Feb', 0, None, None]","[17, 1, 'Feb', 0, None, None]","[10, 1, 'Mar', 0, None, None]","[6, 1, 'Nov', 0, None, None]","[11, 1, 'Nov', 0, None, None]","[4, 1, 'Jan', 0, None, None]","[5, 1, 'Feb', 0, None, None]","[5, 1, 'Nov', 0, None, None]","[4, 1, 'Dec', 0, None, None]","[5, 1, 'Feb', 0, None, None]","[5, 1, 'Feb', 0, None, None]","[6, 1, 'Oct', 0, None, None]",2020-01-19 18:07:45
Adur Estuary,nan,nan,nan,nan,nan,nan,nan,nan,nan,nan,nan,nan,nan,nan,nan,nan,nan,nan,nan,nan,nan,nan,nan,nan,nan,nan,nan,nan,nan,nan,nan,nan,nan,nan,nan,nan,nan,nan,nan,nan,"[0, 1, '', 0, None, None]",nan,nan,nan,nan,"[0, 1, '', 0, None, None]","[0, 1, '', 0, None, None]","[0, 1, '', 0, None, None]","[0, 1, '', 0, None, None]","[0, 1, '', 0, None, None]","[0, 1, '', 0, None, None]","[0, 1, '', 0, None, None]","[0, 1, '', 0, None, None]","[0, 1, '', 0, None, None]","[0, 1, '', 0, None, None]","[0, 1, '', 0, None, None]","[0, 1, '', 0, None, None]","[0, 1, '', 0, None, None]","[0, 1, '', 0, None, None]","[1, 2, 'Jan', 0, None, None]","[0, 1, '', 0, None, None]","[0, 1, '', 0, None, None]","[0, 1, '', 0, None, None]","[0, 2, '', 0, None, None]","[0, 2, '', 0, None, None]","[0, 1, '', 0, None, None]","[5, 1, 'Jan', 0, None, None]","[2, 1, 'Nov', 0, None, None]","[1, 1, 'Oct', 0, None, None]","[0, 1, '', 0, None, None]","[2, 1, 'Feb', 0, None, None]","[1, 1, 'Nov', 0, None, None]","[4, 1, 'Jan', 0, None, None]","[3, 1, 'Feb', 0, None, None]","[3, 1, 'Mar', 0, None, None]","[0, 1, '', 0, None, None]","[5, 1, 'Feb', 0, None, None]","[12, 1, 'Dec', 0, None, None]","[9, 1, 'Jan', 0, None, None]","[2, 1, 'Jan', 0, None, None]","[5, 1, 'Feb', 0, None, None]","[3, 2, 'Dec', 0, None, None]","[1, 1, 'Jan', 0, None, None]",2020-01-19 18:07:45
Ardrossan-West Kilbride,nan,nan,nan,nan,nan,nan,nan,nan,nan,nan,nan,nan,nan,nan,nan,nan,nan,nan,nan,nan,nan,nan,nan,nan,nan,nan,nan,nan,nan,nan,nan,nan,nan,nan,nan,nan,nan,nan,"[85, 1, 'Nov', 0, None, None]","[81, 1, 'Dec', 0, None, None]","[21, 1, 'Feb', 0, None, None]","[101, 1, 'Jan', 0, None, None]","[44, 1, 'Dec', 0, None, None]","[46, 1, 'Jan', 0, None, None]","[20, 1, 'Feb', 0, None, None]","[30, 1, 'Dec', 0, None, None]","[8, 1, 'Jan', 0, None, None]","[0, 1, '', 0, None, None]","[0, 1, '', 0, None, None]","[3, 1, 'Dec', 0, None, None]","[0, 1, '', 0, None, None]","[0, 1, '', 0, None, None]","[4, 1, 'Jan', 0, None, None]","[0, 1, '', 0, None, None]","[0, 1, '', 0, None, None]","[9, 1, 'Nov', 0, None, None]","[6, 2, 'Mar', 0, None, None]","[0, 1, '', 0, None, None]","[0, 1, '', 0, None, None]",nan,nan,nan,nan,nan,"[4, 1, 'Jan', 0, None, None]","[9, 1, 'Dec', 0, None, None]","[6, 1, 'Mar', 0, None, None]","[10, 1, 'Jan', 0, None, None]","[2, 1, 'Nov', 0, None, None]","[1, 1, 'Jan', 0, None, None]","[10, 1, 'Jan', 0, None, None]","[18, 1, 'Jan', 0, None, None]","[18, 1, 'Dec', 0, None, None]","[7, 1, 'Nov', 0, None, None]",nan,nan,"[0, 1, '', 0, None, None]",nan,nan,nan,"[2, 1, 'Dec', 0, None, None]","[6, 1, 'Oct', 0, None, None]","[4, 1, 'Feb', 0, None, None]",2020-01-19 18:07:45
Bay of Skaill to Marwick,nan,nan,nan,nan,nan,nan,nan,nan,nan,nan,nan,nan,nan,nan,nan,nan,nan,nan,nan,nan,nan,nan,nan,nan,nan,nan,nan,nan,nan,nan,nan,nan,nan,nan,nan,nan,nan,nan,nan,nan,nan,nan,nan,nan,nan,nan,nan,nan,nan,nan,nan,nan,nan,nan,nan,nan,nan,nan,nan,nan,nan,nan,nan,nan,nan,nan,nan,nan,nan,nan,nan,nan,nan,nan,nan,"[28, 1, 'Mar', 0, None, None]","[12, 1, 'Jan', 0, None, None]","[1, 1, 'Apr', 0, None, None]","[0, 1, '', 0, None, None]","[0, 1, '', 0, None, None]","[0, 1, '', 0, None, None]","[20, 1, 'Feb', 0, None, None]","[0, 1, '', 0, None, None]",2020-01-19 18:07:45
Brighton Marina,nan,nan,nan,nan,nan,nan,nan,nan,nan,nan,nan,nan,nan,nan,nan,nan,nan,nan,nan,nan,nan,nan,nan,nan,nan,nan,nan,nan,nan,nan,nan,nan,nan,nan,nan,nan,nan,nan,nan,nan,nan,nan,nan,nan,nan,nan,nan,nan,nan,"[0, 1, '', 0, None, None]",nan,nan,nan,nan,nan,nan,nan,nan,nan,nan,nan,nan,nan,nan,nan,nan,nan,nan,nan,nan,nan,nan,nan,nan,nan,nan,"[0, 1, '', 0, None, None]","[0, 1, '', 0, None, None]",nan,"[4, 1, 'Jan', 0, None, None]","[2, 1, 'Oct', 0, None, None]","[3, 1, 'Jan', 0, None, None]","[5, 1, 'Dec', 0, None, None]",2020-01-19 18:07:45
Dunnet Bay,nan,nan,nan,nan,nan,nan,nan,nan,nan,nan,nan,nan,nan,nan,nan,nan,nan,nan,nan,nan,nan,nan,nan,nan,nan,nan,nan,nan,nan,nan,nan,nan,nan,nan,nan,nan,nan,nan,nan,nan,nan,nan,nan,nan,nan,nan,nan,nan,nan,nan,nan,nan,nan,nan,nan,nan,nan,nan,nan,nan,nan,nan,nan,nan,nan,nan,nan,nan,nan,nan,nan,"[0, 1, '', 0, None, None]","[5, 1, 'Feb', 0, None, None]","[3, 2, 'Feb', 0, None, None]","[0, 2, '', 0, None, None]","[28, 1, 'Jan', 0, None, None]","[0, 2, '', 0, None, None]","[0, 2, '', 0, None, None]","[0, 1, '', 0, None, None]","[0, 1, '', 0, None, None]","[0, 1, '', 0, None, None]","[6, 1, 'Feb', 0, None, None]","[13, 1, 'Jan', 0, None, None]",2020-01-19 18:07:45
East Barns to Dunglass,nan,nan,nan,nan,nan,nan,nan,nan,nan,nan,nan,nan,nan,nan,nan,nan,nan,nan,nan,nan,nan,nan,nan,nan,nan,nan,nan,nan,nan,nan,nan,nan,nan,nan,nan,nan,nan,nan,nan,nan,nan,nan,"[0, 1, '', 0, None, None]",nan,nan,nan,nan,nan,nan,nan,nan,nan,nan,nan,nan,nan,nan,nan,nan,nan,nan,nan,nan,nan,nan,nan,nan,nan,nan,nan,nan,"[2, 1, 'Jan', 0, None, None]","[8, 1, 'Jan', 0, None, None]","[11, 1, 'Mar', 0, None, None]","[1, 1, 'Jan', 0, None, None]","[2, 1, 'Feb', 0, None, None]","[14, 1, 'Feb', 0, None, None]","[0, 1, '', 0, None, None]","[0, 1, '', 0, None, None]","[0, 1, '', 0, None, None]","[0, 1, '', 0, None, None]","[5, 1, 'Dec', 0, None, None]","[14, 1, 'Dec', 0, None, None]",2020-01-19 18:07:45
Jersey Shore,nan,nan,nan,nan,nan,nan,nan,nan,nan,nan,nan,nan,nan,nan,nan,nan,nan,nan,nan,nan,nan,nan,nan,nan,nan,nan,nan,nan,nan,nan,nan,nan,nan,nan,nan,nan,nan,nan,nan,nan,nan,nan,nan,nan,nan,nan,nan,nan,nan,nan,nan,"[6, 1, 'Feb', 0, None, None]","[100, 1, 'Jan', 0, None, None]","[12, 1, 'Jan', 0, None, None]","[1, 1, 'Jan', 0, None, None]","[16, 1, 'Mar', 0, None, None]","[0, 1, '', 0, None, None]","[10, 1, 'Dec', 0, None, None]","[7, 1, 'Feb', 0, None, None]","[9, 1, 'Jan', 0, None, None]","[4, 1, 'Dec', 0, None, None]","[6, 1, 'Feb', 0, None, None]","[5, 1, 'Feb', 0, None, None]","[1, 1, 'Jan', 0, None, None]","[0, 1, '', 0, None, None]","[1, 1, 'Feb', 0, None, None]","[2, 2, 'Feb', 0, None, None]",nan,nan,nan,nan,"[20, 1, 'Feb', 0, None, None]","[2, 1, 'Nov', 0, None, None]",nan,"[0, 1, '', 0, None, None]","[2, 1, 'Dec', 0, None, None]","[0, 1, '', 0, None, None]","[1, 1, 'Jan', 0, None, None]","[10, 1, 'Jan', 0, None, None]","[1, 1, 'Dec', 0, None, None]","[1, 1, 'Dec', 0, None, None]",nan,nan,2020-01-19 18:07:45
Leac Nan Geadh to Port Na Luinge (Oronsay),nan,nan,nan,nan,nan,nan,nan,nan,nan,nan,nan,nan,nan,nan,nan,nan,nan,nan,nan,nan,nan,nan,nan,nan,nan,nan,nan,nan,nan,nan,nan,nan,nan,nan,nan,nan,nan,nan,nan,nan,nan,nan,nan,nan,nan,nan,nan,nan,nan,nan,nan,"[26, 1, 'Dec', 0, None, None]","[6, 1, 'Mar', 0, None, None]","[2, 1, 'Oct', 0, None, None]","[0, 1, '', 0, None, None]","[0, 1, '', 0, None, None]","[0, 1, '', 0, None, None]","[0, 1, '', 0, None, None]",nan,nan,nan,nan,"[8, 1, 'Dec', 0, None, None]",nan,nan,nan,nan,nan,nan,nan,nan,nan,nan,nan,nan,nan,nan,nan,nan,nan,nan,nan,"[4, 1, 'Jan', 0, None, None]",2020-01-19 18:07:45
Montrose Basin,nan,nan,nan,nan,nan,nan,nan,nan,nan,nan,nan,nan,nan,nan,nan,nan,nan,nan,nan,nan,nan,nan,nan,nan,nan,nan,nan,nan,nan,nan,nan,nan,nan,nan,nan,"[0, 1, '', 0, None, None]","[0, 2, '', 0, None, None]","[0, 1, '', 0, None, None]","[0, 1, '', 0, None, None]","[0, 1, '', 0, None, None]","[0, 1, '', 0, None, None]","[0, 1, '', 0, None, None]",nan,nan,nan,"[0, 1, '', 0, None, None]",nan,"[0, 1, '', 0, None, None]","[0, 1, '', 0, None, None]","[0, 1, '', 0, None, None]","[0, 1, '', 0, None, None]","[0, 1, '', 0, None, None]","[0, 1, '', 0, None, None]","[0, 1, '', 0, None, None]","[0, 1, '', 0, None, None]","[0, 1, '', 0, None, None]","[0, 1, '', 0, None, None]","[0, 1, '', 0, None, None]","[0, 1, '', 0, None, None]","[0, 1, '', 0, None, None]","[0, 1, '', 0, None, None]","[0, 1, '', 0, None, None]","[0, 1, '', 0, None, None]","[0, 1, '', 0, None, None]","[0, 1, '', 0, None, None]","[0, 1, '', 0, None, None]","[0, 1, '', 0, None, None]","[0, 1, '', 0, None, None]","[0, 1, '', 0, None, None]","[0, 1, '', 0, None, None]","[0, 1, '', 0, None, None]","[0, 1, '', 0, None, None]","[0, 1, '', 0, None, None]","[0, 1, '', 0, None, None]","[20, 1, 'Dec', 0, None, None]","[25, 1, 'Mar', 0, None, None]","[0, 1, '', 0, None, None]","[7, 1, 'Apr', 0, None, None]","[8, 1, 'Dec', 0, None, None]","[0, 1, '', 0, None, None]","[0, 1, '', 0, None, None]","[9, 1, 'Jan', 0, None, None]","[2, 2, 'Sep', 0, None, None]",2020-01-19 18:07:45
Afan Estuary and Port Talbot Harbour,nan,nan,nan,nan,nan,nan,nan,nan,nan,nan,nan,nan,nan,nan,nan,nan,nan,nan,nan,nan,nan,nan,nan,nan,nan,nan,nan,nan,nan,nan,nan,nan,nan,nan,nan,nan,nan,nan,nan,nan,nan,nan,nan,nan,nan,nan,nan,nan,nan,nan,nan,nan,nan,nan,nan,nan,nan,"[2, 1, 'Apr', 0, None, None]","[2, 1, 'Apr', 0, None, None]","[9, 1, 'Feb', 0, None, None]","[5, 1, 'Mar', 0, None, None]","[5, 1, 'Apr', 0, None, None]","[6, 1, 'Feb', 0, None, None]","[18, 1, 'Mar', 0, None, None]","[14, 1, 'Dec', 0, None, None]","[12, 1, 'Dec', 0, None, None]","[2, 1, 'Apr', 0, None, None]","[8, 1, 'Dec', 0, None, None]","[3, 1, 'Nov', 0, None, None]","[2, 1, 'Dec', 0, None, None]","[5, 1, 'Mar', 0, None, None]","[6, 1, 'Dec', 0, None, None]","[3, 1, 'Feb', 0, None, None]","[2, 1, 'Jan', 0, None, None]","[1, 1, 'Dec', 0, None, None]","[7, 1, 'Mar', 0, None, None]","[9, 1, 'Jan', 0, None, None]","[6, 1, 'Jan', 0, None, None]","[1, 1, 'Dec', 0, None, None]","[5, 1, 'Mar', 0, None, None]","[5, 1, 'Jan', 0, None, None]","[2, 1, 'Dec', 0, None, None]",nan,2020-01-19 18:07:45
Bay of Sandoyne to Holm Sound,nan,nan,nan,nan,nan,nan,nan,nan,nan,nan,nan,nan,nan,nan,nan,nan,nan,nan,nan,nan,nan,nan,nan,nan,nan,nan,nan,nan,nan,nan,nan,nan,nan,nan,nan,nan,nan,nan,nan,nan,nan,nan,nan,nan,nan,nan,nan,nan,nan,nan,nan,nan,nan,nan,nan,nan,nan,nan,nan,nan,nan,nan,nan,nan,nan,nan,nan,nan,nan,nan,nan,nan,nan,nan,"[7, 1, 'Feb', 0, None, None]","[0, 1, '', 0, None, None]","[0, 1, '', 0, None, None]","[0, 1, '', 0, None, None]","[0, 1, '', 0, None, None]",nan,"[6, 1, 'Mar', 0, None, None]",nan,nan,2020-01-19 18:07:45
Deveron Estuary,nan,nan,nan,nan,nan,nan,nan,nan,nan,nan,nan,nan,nan,nan,nan,nan,nan,nan,nan,nan,nan,nan,nan,nan,nan,nan,nan,nan,nan,nan,nan,nan,nan,nan,nan,nan,nan,nan,nan,nan,nan,nan,nan,nan,nan,nan,nan,nan,nan,nan,"[0, 1, '', 0, None, None]","[0, 1, '', 0, None, None]","[92, 1, 'Dec', 0, None, None]","[1, 1, 'Sep', 0, None, None]","[93, 1, 'Feb', 0, None, None]","[128, 1, 'Feb', 0, None, None]","[80, 1, 'Feb', 0, None, None]","[49, 1, 'Dec', 0, None, None]","[160, 1, 'Feb', 0, None, None]","[98, 1, 'Feb', 0, None, None]","[100, 1, 'Nov', 0, None, None]",nan,"[110, 1, 'Jan', 0, None, None]","[120, 1, 'Feb', 0, None, None]","[53, 1, 'Nov', 0, None, None]","[87, 1, 'Feb', 0, None, None]","[86, 1, 'Nov', 0, None, None]","[48, 1, 'Mar', 0, None, None]","[24, 1, 'Oct', 0, None, None]","[0, 1, '', 0, None, None]","[0, 1, '', 0, None, None]","[0, 1, '', 0, None, None]","[0, 1, '', 0, None, None]","[0, 1, '', 0, None, None]","[3, 1, 'Nov', 0, None, None]","[3, 1, 'Nov', 0, None, None]",nan,nan,nan,nan,"[0, 1, '', 0, None, None]","[5, 1, 'Mar', 0, None, None]","[4, 1, 'Oct', 0, None, None]",2020-01-19 18:07:45
Lunda Wick,nan,nan,nan,nan,nan,nan,nan,nan,nan,nan,nan,nan,nan,nan,nan,nan,nan,nan,nan,nan,nan,nan,nan,nan,nan,nan,nan,nan,nan,nan,nan,nan,nan,nan,nan,nan,nan,nan,nan,nan,nan,nan,nan,nan,nan,nan,nan,nan,nan,nan,nan,nan,nan,nan,nan,nan,nan,nan,nan,nan,nan,nan,nan,nan,"[22, 1, 'Feb', 0, None, None]","[2, 1, 'Feb', 0, None, None]","[5, 1, 'Jan', 0, None, None]","[35, 1, 'Feb', 0, None, None]","[16, 1, 'Jan', 0, None, None]","[13, 1, 'Mar', 0, None, None]","[12, 1, 'Feb', 0, None, None]","[21, 1, 'Mar', 0, None, None]","[38, 1, 'Feb', 0, None, None]","[3, 1, 'Oct', 0, None, None]","[5, 1, 'Jan', 0, None, None]","[3, 1, 'Jan', 0, None, None]","[5, 1, 'Feb', 0, None, None]","[0, 1, '', 0, None, None]","[7, 1, 'Jan', 0, None, None]","[2, 1, 'Nov', 0, None, None]","[1, 1, 'Feb', 0, None, None]","[3, 1, 'Jan', 0, None, None]","[0, 1, '', 0, None, None]",2020-01-19 18:07:45
Nor Wick and Skaw,nan,nan,nan,nan,nan,nan,nan,nan,nan,nan,nan,nan,nan,nan,nan,nan,nan,nan,nan,nan,nan,nan,nan,nan,nan,nan,nan,nan,nan,nan,nan,nan,nan,nan,nan,nan,nan,nan,nan,nan,nan,nan,nan,nan,nan,nan,nan,nan,nan,nan,nan,nan,nan,nan,nan,nan,nan,nan,nan,nan,nan,nan,nan,nan,"[3, 1, 'Mar', 0, None, None]","[0, 1, '', 0, None, None]","[2, 1, 'Mar', 0, None, None]","[3, 1, 'Nov', 0, None, None]","[4, 1, 'Apr', 0, None, None]","[6, 1, 'Jan', 0, None, None]","[2, 1, 'Dec', 0, None, None]","[0, 1, '', 0, None, None]","[5, 1, 'Apr', 0, None, None]","[3, 1, 'Nov', 0, None, None]","[0, 1, '', 0, None, None]","[6, 1, 'Dec', 0, None, None]","[0, 1, '', 0, None, None]","[0, 1, '', 0, None, None]","[5, 1, 'Dec', 0, None, None]","[0, 1, '', 0, None, None]",nan,"[3, 1, 'Feb', 0, None, None]","[3, 1, 'Jan', 0, None, None]",2020-01-19 18:07:45
Port Eynon Point,nan,nan,nan,nan,nan,nan,nan,nan,nan,nan,nan,nan,nan,nan,nan,nan,nan,nan,nan,nan,nan,nan,nan,nan,nan,nan,nan,nan,nan,nan,nan,nan,nan,nan,nan,nan,nan,nan,nan,nan,nan,nan,nan,nan,nan,nan,nan,nan,nan,nan,nan,nan,nan,nan,nan,nan,nan,nan,nan,"[0, 1, '', 0, None, None]","[2, 1, 'Nov', 0, None, None]",nan,nan,nan,nan,nan,nan,nan,nan,nan,nan,nan,nan,nan,nan,nan,nan,nan,nan,"[11, 1, 'Mar', 0, None, None]","[0, 1, '', 0, None, None]","[0, 1, '', 0, None, None]","[0, 1, '', 0, None, None]",2020-01-19 18:07:45
South Ronaldsay,nan,nan,nan,nan,nan,nan,nan,nan,nan,nan,nan,nan,nan,nan,nan,nan,nan,nan,nan,nan,nan,nan,nan,nan,nan,nan,nan,nan,nan,nan,nan,nan,nan,nan,nan,nan,nan,nan,nan,nan,nan,nan,nan,nan,nan,nan,nan,nan,"[41, 1, 'Mar', 0, None, None]","[59, 1, 'Feb', 0, None, None]","[70, 1, 'Jan', 0, None, None]","[46, 1, 'Dec', 0, None, None]","[71, 1, 'Feb', 0, None, None]","[35, 1, 'Jan', 0, None, None]","[74, 1, 'Feb', 0, None, None]","[25, 1, 'Feb', 0, None, None]","[43, 1, 'Jan', 0, None, None]","[0, 1, '', 0, None, None]","[25, 2, 'Jan', 0, None, None]","[21, 1, 'Dec', 0, None, None]","[72, 1, 'Feb', 0, None, None]","[47, 1, 'Dec', 0, None, None]","[42, 1, 'Jan', 0, None, None]","[41, 1, 'Mar', 0, None, None]","[28, 1, 'Feb', 0, None, None]","[13, 1, 'Feb', 0, None, None]","[23, 1, 'Jan', 0, None, None]","[29, 1, 'Jan', 0, None, None]","[13, 1, 'Jan', 0, None, None]","[18, 1, 'Jan', 0, None, None]","[21, 1, 'Jan', 0, None, None]","[17, 1, 'Dec', 0, None, None]","[17, 1, 'Jan', 0, None, None]","[15, 1, 'Nov', 0, None, None]","[14, 1, 'Nov', 0, None, None]","[6, 1, 'Jan', 0, None, None]","[6, 1, 'Apr', 0, None, None]","[7, 2, 'Feb', 0, None, None]","[5, 1, 'Jan', 0, None, None]","[5, 1, 'Jan', 0, None, None]","[0, 1, '', 0, None, None]","[0, 1, '', 0, None, None]","[3, 1, 'Jan', 0, None, None]",2020-01-19 18:07:45
Wilkhaven to Rockfield,nan,nan,nan,nan,nan,nan,nan,nan,nan,nan,nan,nan,nan,nan,nan,nan,nan,nan,nan,nan,nan,nan,nan,nan,nan,nan,nan,nan,nan,nan,nan,nan,nan,nan,nan,nan,nan,nan,nan,nan,nan,nan,nan,nan,nan,nan,nan,nan,nan,nan,nan,nan,nan,nan,nan,nan,nan,nan,"[40, 1, 'Feb', 0, None, None]","[50, 1, 'Dec', 0, None, None]","[16, 1, 'Dec', 0, None, None]","[26, 1, 'Feb', 0, None, None]","[32, 1, 'Dec', 0, None, None]","[10, 1, 'Dec', 0, None, None]","[22, 1, 'Feb', 0, None, None]","[5, 1, 'Dec', 0, None, None]","[15, 1, 'Feb', 0, None, None]","[15, 1, 'Jan', 0, None, None]","[15, 1, 'Feb', 0, None, None]","[33, 1, 'Feb', 0, None, None]","[34, 1, 'Feb', 0, None, None]","[71, 1, 'Jan', 0, None, None]","[6, 1, 'Jan', 0, None, None]","[10, 1, 'Feb', 0, None, None]","[10, 1, 'Dec', 0, None, None]","[40, 1, 'Jan', 0, None, None]","[48, 1, 'Feb', 0, None, None]","[35, 1, 'Dec', 0, None, None]","[11, 1, 'Oct', 0, None, None]","[0, 1, '', 0, None, None]","[3, 1, 'Oct', 0, None, None]","[0, 1, '', 0, None, None]","[2, 1, 'Feb', 0, None, None]",2020-01-19 18:07:45
Arbroath Coast - East Haven to Elliot,nan,nan,nan,nan,nan,nan,nan,nan,nan,nan,nan,nan,nan,nan,nan,nan,nan,nan,nan,nan,nan,nan,nan,nan,nan,nan,nan,nan,nan,nan,nan,nan,nan,nan,nan,nan,nan,nan,nan,nan,nan,nan,nan,nan,nan,nan,nan,nan,nan,nan,nan,nan,nan,nan,nan,nan,nan,nan,"[0, 1, '', 0, None, None]","[15, 1, 'Feb', 0, None, None]","[12, 1, 'Sep', 0, None, None]","[0, 1, '', 0, None, None]","[0, 1, '', 0, None, None]","[0, 1, '', 0, None, None]","[0, 1, '', 0, None, None]",nan,nan,nan,"[0, 1, '', 0, None, None]","[3, 1, 'Jan', 0, None, None]","[0, 1, '', 0, None, None]",nan,nan,"[0, 1, '', 0, None, None]","[0, 1, '', 0, None, None]","[0, 1, '', 0, None, None]","[0, 1, '', 0, None, None]","[0, 1, '', 0, None, None]","[4, 1, 'Nov', 0, None, None]","[0, 1, '', 0, None, None]","[5, 1, 'Feb', 0, None, None]","[1, 1, 'Jan', 0, None, None]","[0, 1, '', 0, None, None]",2020-01-19 18:07:45
Arran,nan,nan,nan,nan,nan,nan,nan,nan,nan,nan,nan,nan,nan,nan,nan,nan,nan,nan,nan,nan,nan,nan,nan,nan,nan,nan,nan,nan,nan,nan,nan,nan,nan,nan,nan,"[0, 1, '', 0, None, None]","[0, 1, '', 0, None, None]","[0, 1, '', 0, None, None]","[0, 1, '', 0, None, None]","[0, 1, '', 0, None, None]","[0, 1, '', 0, None, None]","[0, 1, '', 0, None, None]","[0, 1, '', 0, None, None]","[0, 1, '', 0, None, None]","[0, 1, '', 0, None, None]","[0, 1, '', 0, None, None]","[0, 1, '', 0, None, None]","[0, 1, '', 0, None, None]","[0, 1, '', 0, None, None]","[1, 1, 'Nov', 0, None, None]","[0, 1, '', 0, None, None]","[0, 1, '', 0, None, None]","[0, 1, '', 0, None, None]","[0, 1, '', 0, None, None]","[0, 1, '', 0, None, None]","[0, 1, '', 0, None, None]","[0, 1, '', 0, None, None]","[0, 1, '', 0, None, None]","[1, 1, 'Apr', 0, None, None]","[0, 1, '', 0, None, None]","[0, 1, '', 0, None, None]","[0, 1, '', 0, None, None]","[4, 1, 'Jan', 0, None, None]","[3, 1, 'Nov', 0, None, None]","[1, 1, 'Apr', 0, None, None]","[1, 1, 'Jan', 0, None, None]","[6, 1, 'Jan', 0, None, None]","[9, 1, 'Feb', 0, None, None]","[2, 1, 'Nov', 0, None, None]","[0, 1, '', 0, None, None]","[5, 2, 'Feb', 0, None, None]","[1, 1, 'Feb', 0, None, None]","[10, 1, 'Dec', 0, None, None]","[3, 1, 'Apr', 0, None, None]","[3, 1, 'Dec', 0, None, None]","[7, 1, 'Nov', 0, None, None]","[8, 1, 'Dec', 0, None, None]","[13, 1, 'Jan', 0, None, None]","[0, 1, '', 0, None, None]","[5, 1, 'Jan', 0, None, None]","[3, 1, 'Feb', 0, None, None]","[0, 1, '', 0, None, None]","[1, 1, 'Nov', 0, None, None]",2020-01-19 18:07:45
Burghead Bay - Burghead to Findhorn,nan,nan,nan,nan,nan,nan,nan,nan,nan,nan,nan,nan,nan,nan,nan,nan,nan,nan,nan,nan,nan,nan,nan,nan,nan,nan,nan,nan,nan,nan,nan,nan,nan,nan,nan,nan,nan,nan,nan,nan,nan,nan,nan,nan,nan,nan,nan,nan,nan,nan,nan,nan,nan,nan,nan,nan,nan,nan,nan,nan,nan,nan,nan,nan,nan,nan,nan,nan,nan,nan,nan,nan,"[2, 1, 'Feb', 0, None, None]","[0, 2, '', 0, None, None]","[2, 1, 'Jan', 0, None, None]","[16, 1, 'Mar', 0, None, None]","[0, 1, '', 0, None, None]","[0, 1, '', 0, None, None]","[6, 1, 'Jan', 0, None, None]","[0, 2, '', 0, None, None]","[1, 1, 'Dec', 0, None, None]","[0, 1, '', 0, None, None]","[0, 1, '', 0, None, None]",2020-01-19 18:07:45
Doon Estuary,nan,nan,nan,nan,nan,nan,nan,nan,nan,nan,nan,nan,nan,nan,nan,nan,nan,nan,nan,nan,nan,nan,nan,nan,nan,nan,nan,nan,nan,nan,nan,nan,nan,nan,nan,"[0, 1, '', 0, None, None]","[1, 1, 'Dec', 0, None, None]","[1, 1, 'Mar', 0, None, None]","[1, 1, 'Apr', 0, None, None]","[5, 1, 'Dec', 0, None, None]","[0, 1, '', 0, None, None]","[0, 1, '', 0, None, None]","[0, 1, '', 0, None, None]","[0, 1, '', 0, None, None]","[0, 1, '', 0, None, None]","[0, 1, '', 0, None, None]","[0, 1, '', 0, None, None]","[0, 1, '', 0, None, None]","[2, 1, 'Feb', 0, None, None]","[0, 1, '', 0, None, None]","[0, 1, '', 0, None, None]","[0, 1, '', 0, None, None]","[0, 1, '', 0, None, None]","[0, 1, '', 0, None, None]","[0, 1, '', 0, None, None]","[9, 1, 'Nov', 0, None, None]","[6, 1, 'Nov', 0, None, None]","[16, 1, 'Jan', 0, None, None]","[0, 1, '', 0, None, None]","[0, 1, '', 0, None, None]","[6, 1, 'Mar', 0, None, None]","[6, 1, 'Feb', 0, None, None]","[0, 1, '', 0, None, None]","[14, 1, 'Apr', 0, None, None]","[0, 1, '', 0, None, None]","[0, 1, '', 0, None, None]","[0, 1, '', 0, None, None]","[0, 1, '', 0, None, None]","[0, 1, '', 0, None, None]","[0, 1, '', 0, None, None]","[0, 1, '', 0, None, None]",nan,"[0, 1, '', 0, None, None]","[1, 1, 'Nov', 0, None, None]",nan,"[0, 1, '', 0, None, None]","[7, 1, 'Feb', 0, None, None]","[0, 1, '', 0, None, None]","[0, 1, '', 0, None, None]","[0, 1, '', 0, None, None]","[10, 1, 'Mar', 0, None, None]","[0, 1, '', 0, None, None]","[0, 1, '', 0, None, None]",2020-01-19 18:07:45
Herne Bay,nan,nan,nan,nan,nan,nan,nan,nan,nan,nan,nan,nan,nan,nan,nan,nan,nan,nan,nan,nan,nan,nan,nan,nan,nan,nan,nan,nan,nan,nan,nan,nan,nan,nan,nan,nan,nan,nan,nan,nan,nan,nan,nan,nan,nan,nan,nan,nan,nan,nan,nan,nan,nan,nan,nan,nan,nan,nan,nan,nan,nan,nan,nan,nan,nan,nan,nan,nan,nan,nan,nan,nan,nan,nan,nan,nan,nan,nan,nan,nan,nan,nan,"[2, 1, 'Jan', 0, None, None]",2020-01-19 18:07:45
Holland Marshes,nan,nan,nan,nan,nan,nan,nan,nan,nan,nan,nan,nan,nan,nan,nan,nan,nan,nan,nan,nan,nan,nan,nan,nan,nan,nan,nan,nan,nan,nan,nan,nan,nan,nan,nan,nan,nan,nan,nan,nan,nan,nan,nan,nan,nan,nan,nan,nan,nan,nan,nan,nan,nan,nan,nan,nan,nan,nan,nan,nan,nan,nan,"[5, 1, 'Nov', 0, None, None]","[9, 1, 'Nov', 0, None, None]","[3, 1, 'Feb', 0, None, None]","[4, 1, 'Nov', 0, None, None]","[0, 1, '', 0, None, None]","[0, 1, '', 0, None, None]","[4, 1, 'Feb', 0, None, None]","[0, 1, '', 0, None, None]","[0, 1, '', 0, None, None]","[1, 1, 'Dec', 0, None, None]","[8, 1, 'Mar', 1, 'Supplementary visit under the  WeBS Core Count Survey', 'WeBS']","[8, 1, 'Nov', 1, 'Supplementary visit under the  WeBS Core Count Survey', 'WeBS']","[2, 1, 'Feb', 0, None, None]","[1, 1, 'Dec', 0, None, None]","[3, 1, 'Feb', 1, 'Supplementary visit under the  WeBS Core Count Survey', 'WeBS']","[2, 1, 'Jan', 0, None, None]","[4, 1, 'Nov', 0, None, None]","[2, 1, 'Apr', 0, None, None]","[2, 1, 'Feb', 0, None, None]","[2, 1, 'Oct', 0, None, None]","[2, 1, 'Dec', 1, 'Supplementary visit under the  WeBS Core Count Survey', 'WeBS']",2020-01-19 18:07:45
Loch Sunart - Camas Na H-Airbhe to Head,nan,nan,nan,nan,nan,nan,nan,nan,nan,nan,nan,nan,nan,nan,nan,nan,nan,nan,nan,nan,nan,nan,nan,nan,nan,nan,nan,nan,nan,nan,nan,nan,nan,nan,nan,nan,nan,nan,nan,nan,nan,nan,nan,nan,nan,nan,nan,nan,nan,nan,nan,nan,nan,nan,nan,nan,"[0, 1, '', 0, None, None]","[0, 1, '', 0, None, None]","[0, 1, '', 0, None, None]",nan,nan,"[0, 1, '', 0, None, None]","[0, 1, '', 0, None, None]","[0, 1, '', 0, None, None]","[0, 1, '', 0, None, None]","[0, 1, '', 0, None, None]","[0, 1, '', 0, None, None]","[0, 1, '', 0, None, None]","[0, 1, '', 0, None, None]","[0, 1, '', 0, None, None]","[0, 1, '', 0, None, None]","[0, 1, '', 0, None, None]","[0, 1, '', 0, None, None]","[0, 1, '', 0, None, None]","[0, 1, '', 0, None, None]","[0, 1, '', 0, None, None]",nan,nan,nan,nan,"[0, 1, '', 0, None, None]","[5, 1, 'Jul', 0, None, None]","[0, 1, '', 0, None, None]",2020-01-19 18:07:45
North Bay (Scarborough),nan,nan,nan,nan,nan,nan,nan,nan,nan,nan,nan,nan,nan,nan,nan,nan,nan,nan,nan,nan,nan,nan,nan,nan,nan,nan,nan,nan,nan,nan,nan,nan,nan,nan,nan,nan,nan,nan,nan,nan,nan,nan,nan,nan,nan,nan,nan,nan,nan,nan,nan,nan,nan,nan,nan,nan,nan,nan,nan,nan,nan,nan,nan,nan,nan,nan,nan,nan,nan,nan,nan,nan,nan,nan,nan,"[0, 1, '', 0, None, None]","[3, 1, 'Dec', 0, None, None]","[0, 1, '', 0, None, None]","[5, 1, 'Dec', 0, None, None]","[0, 1, '', 0, None, None]","[0, 1, '', 0, None, None]","[5, 1, 'Dec', 0, None, None]","[2, 1, 'Dec', 0, None, None]",2020-01-19 18:07:45
Peterhead Bay and Sandford Bay,nan,nan,nan,nan,nan,nan,nan,nan,nan,nan,nan,nan,nan,nan,nan,nan,nan,nan,nan,nan,nan,nan,nan,nan,nan,nan,nan,nan,nan,nan,nan,nan,nan,nan,nan,nan,nan,nan,nan,nan,nan,nan,nan,nan,nan,nan,nan,nan,nan,nan,nan,nan,nan,nan,nan,nan,nan,nan,nan,nan,nan,nan,nan,nan,nan,nan,nan,nan,"[0, 1, '', 0, None, None]","[6, 1, 'Feb', 0, None, None]","[20, 1, 'Jan', 0, None, None]",nan,nan,"[2, 1, 'Jan', 0, None, None]","[5, 1, 'Jan', 0, None, None]","[4, 1, 'Feb', 0, None, None]","[1, 1, 'Dec', 0, None, None]","[6, 1, 'Dec', 0, None, None]","[0, 1, '', 0, None, None]","[1, 1, 'Nov', 0, None, None]","[3, 1, 'May', 0, None, None]","[4, 1, 'Dec', 0, None, None]","[1, 1, 'Dec', 0, None, None]",2020-01-19 18:07:45
Polkerris,nan,nan,nan,nan,nan,nan,nan,nan,nan,nan,nan,nan,nan,nan,nan,nan,nan,nan,nan,nan,nan,nan,nan,nan,nan,nan,nan,nan,nan,nan,nan,nan,nan,nan,nan,nan,nan,nan,nan,nan,nan,nan,nan,nan,nan,nan,nan,nan,nan,nan,nan,nan,nan,nan,nan,nan,nan,nan,nan,nan,nan,nan,nan,nan,nan,nan,nan,nan,nan,nan,nan,nan,nan,nan,nan,nan,"[0, 1, '', 0, None, None]","[0, 1, '', 0, None, None]","[2, 1, 'Jan', 0, None, None]",nan,nan,nan,nan,2020-01-19 18:07:45
Red Point to Port Henderson,nan,nan,nan,nan,nan,nan,nan,nan,nan,nan,nan,nan,nan,nan,nan,nan,nan,nan,nan,nan,nan,nan,nan,nan,nan,nan,nan,nan,nan,nan,nan,nan,nan,nan,nan,nan,nan,nan,nan,nan,nan,nan,nan,nan,nan,nan,nan,nan,nan,nan,nan,nan,nan,nan,nan,nan,nan,nan,nan,nan,nan,nan,nan,nan,nan,"[0, 1, '', 0, None, None]",nan,nan,nan,"[0, 1, '', 0, None, None]","[0, 1, '', 0, None, None]","[0, 1, '', 0, None, None]","[0, 2, '', 0, None, None]","[0, 1, '', 0, None, None]","[0, 2, '', 0, None, None]","[0, 2, '', 0, None, None]","[0, 1, '', 0, None, None]","[0, 2, '', 0, None, None]","[0, 2, '', 0, None, None]","[0, 2, '', 0, None, None]","[3, 1, 'Feb', 0, None, None]","[0, 1, '', 0, None, None]","[0, 2, '', 0, None, None]",2020-01-19 18:07:45
Sound of Gigha and Rhunahaorine,nan,nan,nan,nan,nan,nan,nan,nan,nan,nan,nan,nan,nan,nan,nan,nan,nan,nan,nan,nan,nan,nan,nan,nan,nan,nan,nan,nan,nan,nan,nan,nan,nan,nan,nan,nan,nan,nan,nan,nan,nan,nan,nan,nan,nan,nan,nan,nan,nan,nan,nan,nan,nan,nan,nan,nan,nan,nan,nan,nan,nan,nan,nan,nan,nan,nan,nan,nan,nan,nan,nan,nan,nan,"[2, 1, 'Mar', 0, None, None]","[1, 1, 'Apr', 0, None, None]","[4, 1, 'Mar', 0, None, None]","[0, 1, '', 0, None, None]","[0, 1, '', 0, None, None]","[0, 1, '', 0, None, None]","[1, 2, 'Mar', 0, None, None]",nan,"[0, 1, '', 0, None, None]","[8, 1, 'Jan', 0, None, None]",2020-01-19 18:07:45
St Ives - Clodgy Point to St Ives Head,nan,nan,nan,nan,nan,nan,nan,nan,nan,nan,nan,nan,nan,nan,nan,nan,nan,nan,nan,nan,nan,nan,nan,nan,nan,nan,nan,nan,nan,nan,nan,nan,nan,nan,nan,nan,nan,nan,nan,nan,nan,nan,nan,nan,nan,nan,nan,nan,nan,nan,nan,nan,nan,nan,nan,nan,nan,nan,nan,nan,nan,nan,nan,nan,nan,nan,nan,nan,nan,nan,nan,nan,nan,nan,nan,nan,nan,nan,"[0, 1, '', 0, None, None]","[2, 1, 'Apr', 0, None, None]","[0, 1, '', 0, None, None]","[4, 1, 'Mar', 0, None, None]","[5, 1, 'Dec', 0, None, None]",2020-01-19 18:07:45
Balta Sound,nan,nan,nan,nan,nan,nan,nan,nan,nan,nan,nan,nan,nan,nan,nan,nan,nan,nan,nan,nan,nan,nan,nan,nan,nan,nan,nan,nan,nan,nan,nan,nan,nan,nan,nan,nan,nan,nan,nan,nan,nan,nan,nan,nan,nan,nan,nan,nan,nan,nan,nan,nan,nan,nan,nan,nan,nan,nan,nan,nan,nan,nan,nan,nan,"[3, 1, 'Dec', 0, None, None]","[2, 1, 'Dec', 0, None, None]","[3, 1, 'Mar', 0, None, None]","[2, 1, 'Jan', 0, None, None]","[4, 1, 'Feb', 0, None, None]","[5, 1, 'Feb', 0, None, None]","[0, 1, '', 0, None, None]","[2, 1, 'Feb', 0, None, None]","[3, 1, 'Nov', 0, None, None]","[0, 1, '', 0, None, None]","[0, 1, '', 0, None, None]","[0, 1, '', 0, None, None]","[0, 1, '', 0, None, None]","[0, 1, '', 0, None, None]","[3, 1, 'Dec', 0, None, None]","[0, 1, '', 0, None, None]","[0, 1, '', 0, None, None]","[0, 1, '', 0, None, None]","[0, 1, '', 0, None, None]",2020-01-19 18:07:45
Blackwater Estuary,nan,nan,nan,nan,nan,nan,nan,nan,nan,nan,nan,nan,nan,nan,nan,nan,nan,nan,nan,nan,nan,nan,nan,nan,nan,nan,nan,nan,nan,nan,nan,nan,nan,nan,nan,"[0, 2, '', 0, None, None]",nan,"[0, 1, '', 0, None, None]","[0, 1, '', 0, None, None]","[2, 1, 'Dec', 0, None, None]","[0, 2, '', 0, None, None]","[2, 1, 'Oct', 0, None, None]","[1, 1, 'Mar', 0, None, None]","[1, 1, 'Feb', 0, None, None]","[0, 2, '', 0, None, None]","[2, 1, 'Nov', 0, None, None]","[1, 1, 'Nov', 0, None, None]","[2, 1, 'Jan', 0, None, None]","[0, 1, '', 0, None, None]","[2, 1, 'Mar', 0, None, None]","[2, 1, 'Jan', 0, None, None]","[0, 2, '', 0, None, None]","[0, 2, '', 0, None, None]","[0, 2, '', 0, None, None]","[1, 1, 'Oct', 0, None, None]","[1, 1, 'Apr', 0, None, None]","[1, 1, 'Feb', 0, None, None]","[1, 1, 'Nov', 0, None, None]","[0, 2, '', 0, None, None]","[0, 1, '', 0, None, None]","[0, 1, '', 0, None, None]","[0, 2, '', 0, None, None]","[0, 2, '', 0, None, None]","[0, 1, '', 0, None, None]","[0, 1, '', 0, None, None]","[0, 1, '', 0, None, None]","[0, 1, '', 0, None, None]","[0, 1, '', 0, None, None]","[0, 1, '', 0, None, None]","[0, 1, '', 0, None, None]","[0, 1, '', 0, None, None]","[1, 1, 'Nov', 0, None, None]","[2, 1, 'Apr', 0, None, None]","[0, 1, '', 0, None, None]","[0, 1, '', 0, None, None]","[0, 1, '', 0, None, None]","[2, 1, 'Mar', 0, None, None]","[0, 1, '', 0, None, None]","[0, 1, '', 0, None, None]","[2, 1, 'Mar', 0, None, None]","[0, 1, '', 0, None, None]","[2, 1, 'Dec', 0, None, None]","[0, 1, '', 0, None, None]",2020-01-19 18:07:45
Cambois to Newbiggin,nan,nan,nan,nan,nan,nan,nan,nan,nan,nan,nan,nan,nan,nan,nan,nan,nan,nan,nan,nan,nan,nan,nan,nan,nan,nan,nan,nan,nan,nan,nan,nan,nan,nan,nan,nan,nan,nan,nan,nan,nan,nan,nan,nan,nan,nan,nan,nan,nan,nan,"[40, 1, 'Feb', 0, None, None]","[35, 1, 'Oct', 0, None, None]","[35, 1, 'Jan', 0, None, None]",nan,"[38, 1, 'Feb', 0, None, None]","[5, 1, 'Mar', 0, None, None]","[23, 1, 'Dec', 0, None, None]","[313, 2, 'Mar', 0, None, None]","[296, 1, 'Jan', 0, None, None]","[352, 1, 'Jan', 0, None, None]","[46, 2, 'Jan', 0, None, None]","[26, 1, 'Nov', 0, None, None]","[2, 1, 'Dec', 0, None, None]","[180, 1, 'Jan', 1, 'Supplementary visit under the  WeBS Core Count Survey', 'WeBS']","[136, 1, 'Nov', 1, 'Supplementary visit under the  WeBS Core Count Survey', 'WeBS']","[19, 1, 'Jan', 0, None, None]","[24, 1, 'Mar', 0, None, None]","[6, 1, 'Dec', 0, None, None]","[11, 1, 'Dec', 0, None, None]","[23, 1, 'Dec', 0, None, None]","[0, 2, '', 0, None, None]","[0, 1, '', 0, None, None]","[0, 1, '', 0, None, None]","[0, 1, '', 0, None, None]","[0, 1, '', 0, None, None]","[0, 2, '', 0, None, None]","[0, 1, '', 0, None, None]","[0, 2, '', 0, None, None]","[0, 1, '', 0, None, None]","[0, 1, '', 0, None, None]","[0, 1, '', 0, None, None]","[0, 1, '', 0, None, None]","[5, 1, 'Dec', 0, None, None]",2020-01-19 18:07:45
Carnoustie to Easthaven,nan,nan,nan,nan,nan,nan,nan,nan,nan,nan,nan,nan,nan,nan,nan,nan,nan,nan,nan,nan,nan,nan,nan,nan,nan,nan,nan,nan,nan,nan,nan,nan,nan,nan,nan,nan,nan,nan,nan,nan,nan,nan,nan,nan,nan,nan,nan,nan,nan,"[31, 2, 'Nov', 0, None, None]","[15, 2, 'Oct', 0, None, None]","[14, 1, 'Dec', 0, None, None]","[9, 1, 'Dec', 0, None, None]","[12, 1, 'Dec', 0, None, None]","[0, 1, '', 0, None, None]","[7, 1, 'Dec', 0, None, None]","[11, 1, 'Feb', 0, None, None]","[15, 1, 'Nov', 0, None, None]","[31, 1, 'Sep', 0, None, None]",nan,nan,nan,nan,nan,nan,nan,nan,nan,nan,nan,nan,nan,nan,nan,nan,nan,"[12, 2, 'Mar', 0, None, None]","[6, 1, 'Mar', 0, None, None]","[1, 1, 'Dec', 0, None, None]","[3, 2, 'Apr', 0, None, None]","[1, 1, 'Dec', 0, None, None]","[2, 1, 'Nov', 0, None, None]","[0, 1, '', 0, None, None]",2020-01-19 18:07:45
Don Mouth to Ythan Mouth,nan,nan,nan,nan,nan,nan,nan,nan,nan,nan,nan,nan,nan,nan,nan,nan,nan,nan,nan,nan,nan,nan,nan,nan,nan,nan,nan,nan,nan,nan,nan,nan,nan,nan,nan,nan,nan,nan,nan,nan,nan,nan,nan,nan,nan,nan,nan,nan,nan,nan,nan,nan,nan,nan,nan,nan,"[0, 1, '', 0, None, None]","[0, 1, '', 0, None, None]","[0, 2, '', 0, None, None]","[0, 1, '', 0, None, None]","[0, 1, '', 0, None, None]","[0, 1, '', 0, None, None]","[0, 1, '', 0, None, None]","[0, 1, '', 0, None, None]","[0, 1, '', 0, None, None]","[0, 1, '', 0, None, None]","[0, 1, '', 0, None, None]","[0, 1, '', 0, None, None]","[0, 1, '', 0, None, None]","[0, 1, '', 0, None, None]","[0, 1, '', 0, None, None]","[0, 1, '', 0, None, None]","[0, 1, '', 0, None, None]","[0, 1, '', 0, None, None]","[0, 1, '', 0, None, None]","[0, 1, '', 0, None, None]","[0, 1, '', 0, None, None]","[0, 1, '', 0, None, None]","[0, 1, '', 0, None, None]","[3, 1, 'Sep', 0, None, None]","[0, 1, '', 0, None, None]","[0, 1, '', 0, None, None]","[2, 1, 'Nov', 0, None, None]",2020-01-19 18:07:45
Drigg Point to St Bees Head,nan,nan,nan,nan,nan,nan,nan,nan,nan,nan,nan,nan,nan,nan,nan,nan,nan,nan,nan,nan,nan,nan,nan,nan,nan,nan,nan,nan,nan,nan,nan,nan,nan,nan,nan,nan,nan,nan,nan,nan,nan,nan,nan,nan,nan,nan,nan,nan,nan,nan,nan,nan,nan,nan,nan,nan,nan,nan,nan,nan,nan,nan,nan,nan,nan,nan,nan,nan,nan,nan,nan,nan,nan,"[0, 1, '', 0, None, None]","[0, 1, '', 0, None, None]","[0, 1, '', 0, None, None]","[0, 1, '', 0, None, None]","[0, 1, '', 0, None, None]","[0, 1, '', 0, None, None]","[0, 1, '', 0, None, None]","[7, 1, 'Mar', 0, None, None]","[0, 1, '', 0, None, None]","[0, 1, '', 0, None, None]",2020-01-19 18:07:45
Elie Harbour,nan,nan,nan,nan,nan,nan,nan,nan,nan,nan,nan,nan,nan,nan,nan,nan,nan,nan,nan,nan,nan,nan,nan,nan,nan,nan,nan,nan,nan,nan,nan,nan,nan,nan,nan,nan,nan,nan,nan,nan,nan,nan,nan,nan,nan,nan,nan,nan,nan,nan,nan,nan,nan,nan,nan,nan,nan,nan,nan,nan,nan,nan,nan,nan,nan,nan,"[1, 1, 'Jan', 0, None, None]","[0, 2, '', 0, None, None]","[0, 1, '', 0, None, None]","[0, 1, '', 0, None, None]",nan,nan,nan,"[0, 1, '', 0, None, None]",nan,"[0, 1, '', 0, None, None]","[5, 1, 'Mar', 0, None, None]",nan,"[0, 1, '', 0, None, None]","[1, 1, 'Nov', 0, None, None]",nan,nan,nan,2020-01-19 18:07:45
Fleet Estuary,nan,nan,nan,nan,nan,nan,nan,nan,nan,nan,nan,nan,nan,nan,nan,nan,nan,nan,nan,nan,nan,nan,nan,nan,nan,nan,nan,nan,nan,nan,nan,nan,nan,nan,nan,nan,nan,nan,nan,"[0, 1, '', 0, None, None]",nan,nan,nan,nan,nan,nan,nan,"[0, 1, '', 0, None, None]","[0, 1, '', 0, None, None]","[0, 1, '', 0, None, None]","[0, 1, '', 0, None, None]","[0, 1, '', 0, None, None]","[0, 1, '', 0, None, None]","[0, 1, '', 0, None, None]",nan,"[0, 1, '', 0, None, None]","[0, 1, '', 0, None, None]","[0, 1, '', 0, None, None]","[0, 1, '', 0, None, None]","[0, 1, '', 0, None, None]","[0, 1, '', 0, None, None]",nan,"[0, 1, '', 0, None, None]","[0, 2, '', 0, None, None]","[0, 1, '', 0, None, None]","[0, 1, '', 0, None, None]","[0, 1, '', 0, None, None]","[0, 1, '', 0, None, None]","[0, 1, '', 0, None, None]","[0, 1, '', 0, None, None]","[0, 1, '', 0, None, None]","[0, 1, '', 0, None, None]","[0, 1, '', 0, None, None]","[0, 1, '', 0, None, None]","[0, 1, '', 0, None, None]",nan,nan,nan,nan,nan,"[0, 1, '', 0, None, None]","[0, 1, '', 0, None, None]","[3, 1, 'Nov', 0, None, None]",2020-01-19 18:07:45
Gannel Estuary,nan,nan,nan,nan,nan,nan,nan,nan,nan,nan,nan,nan,nan,nan,nan,nan,nan,nan,nan,nan,nan,nan,nan,nan,nan,nan,nan,nan,nan,nan,nan,nan,nan,nan,nan,"[0, 1, '', 0, None, None]","[0, 1, '', 0, None, None]",nan,"[0, 1, '', 0, None, None]","[0, 1, '', 0, None, None]","[0, 1, '', 0, None, None]",nan,nan,nan,nan,nan,nan,nan,"[0, 1, '', 0, None, None]","[0, 1, '', 0, None, None]","[0, 2, '', 0, None, None]",nan,nan,nan,"[0, 1, '', 0, None, None]","[0, 1, '', 0, None, None]","[0, 1, '', 0, None, None]","[0, 1, '', 0, None, None]","[0, 1, '', 0, None, None]","[0, 1, '', 0, None, None]","[0, 2, '', 0, None, None]","[0, 1, '', 0, None, None]","[0, 1, '', 0, None, None]","[0, 1, '', 0, None, None]","[0, 1, '', 0, None, None]","[0, 1, '', 0, None, None]","[0, 1, '', 0, None, None]","[0, 1, '', 0, None, None]","[0, 1, '', 0, None, None]","[0, 1, '', 0, None, None]","[0, 1, '', 0, None, None]","[0, 1, '', 0, None, None]","[0, 1, '', 0, None, None]","[0, 1, '', 0, None, None]","[0, 1, '', 0, None, None]","[0, 1, '', 0, None, None]","[0, 1, '', 0, None, None]","[0, 1, '', 0, None, None]",nan,"[0, 2, '', 0, None, None]","[0, 1, '', 0, None, None]","[0, 1, '', 0, None, None]","[3, 1, 'Sep', 0, None, None]",2020-01-19 18:07:45
Gerrans Bay,nan,nan,nan,nan,nan,nan,nan,nan,nan,nan,nan,nan,nan,nan,nan,nan,nan,nan,nan,nan,nan,nan,nan,nan,nan,nan,nan,nan,nan,nan,nan,nan,nan,nan,nan,nan,nan,nan,nan,nan,nan,nan,nan,nan,nan,nan,nan,nan,nan,nan,nan,nan,nan,nan,nan,nan,nan,nan,nan,nan,nan,nan,nan,nan,nan,"[0, 1, '', 0, None, None]","[0, 1, '', 0, None, None]","[1, 1, 'Dec', 0, None, None]","[25, 1, 'Sep', 0, None, None]","[3, 1, 'Nov', 0, None, None]","[2, 1, 'Dec', 0, None, None]","[3, 1, 'Feb', 0, None, None]","[2, 1, 'Jan', 0, None, None]","[0, 1, '', 0, None, None]","[1, 1, 'Dec', 0, None, None]","[1, 1, 'Nov', 0, None, None]","[1, 1, 'Oct', 0, None, None]","[0, 1, '', 0, None, None]","[3, 1, 'Jan', 0, None, None]","[0, 1, '', 0, None, None]","[3, 1, 'Jan', 0, None, None]","[0, 1, '', 0, None, None]","[0, 1, '', 0, None, None]",2020-01-19 18:07:45
Larne Lough,nan,nan,nan,nan,nan,nan,nan,nan,nan,nan,nan,nan,nan,nan,nan,nan,nan,nan,nan,nan,nan,nan,nan,nan,nan,nan,nan,nan,nan,nan,nan,nan,nan,nan,nan,nan,"[0, 1, '', 0, None, None]","[0, 1, '', 0, None, None]","[0, 1, '', 0, None, None]","[0, 1, '', 0, None, None]",nan,"[0, 1, '', 0, None, None]",nan,nan,nan,nan,nan,"[0, 1, '', 0, None, None]","[0, 1, '', 0, None, None]","[5, 1, 'Dec', 0, None, None]","[4, 1, 'Dec', 0, None, None]","[0, 1, '', 0, None, None]","[3, 1, 'Jan', 0, None, None]","[0, 1, '', 0, None, None]","[7, 1, 'Dec', 0, None, None]","[0, 1, '', 0, None, None]","[0, 1, '', 0, None, None]","[2, 1, 'Jan', 0, None, None]","[4, 1, 'Mar', 0, None, None]","[0, 1, '', 0, None, None]","[6, 1, 'Jan', 0, None, None]","[0, 1, '', 0, None, None]","[0, 1, '', 0, None, None]","[0, 1, '', 0, None, None]","[0, 1, '', 0, None, None]","[0, 1, '', 0, None, None]","[0, 1, '', 0, None, None]","[0, 1, '', 0, None, None]","[0, 1, '', 0, None, None]","[4, 1, 'Feb', 0, None, None]","[0, 1, '', 0, None, None]","[2, 1, 'Jan', 0, None, None]","[1, 1, 'Feb', 0, None, None]","[6, 1, 'Mar', 0, None, None]","[5, 1, 'Apr', 0, None, None]","[7, 1, 'Feb', 0, None, None]","[0, 1, '', 0, None, None]","[4, 1, 'Mar', 0, None, None]","[0, 1, '', 0, None, None]","[0, 1, '', 0, None, None]","[4, 1, 'Feb', 0, None, None]","[1, 1, 'Jan', 0, None, None]","[0, 1, '', 0, None, None]",2020-01-19 18:07:45
Millom to Eskmeals Point,nan,nan,nan,nan,nan,nan,nan,nan,nan,nan,nan,nan,nan,nan,nan,nan,nan,nan,nan,nan,nan,nan,nan,nan,nan,nan,nan,nan,nan,nan,nan,nan,nan,nan,nan,nan,nan,nan,nan,nan,nan,nan,nan,nan,nan,nan,nan,nan,nan,nan,nan,nan,nan,nan,nan,nan,nan,nan,nan,nan,nan,nan,nan,nan,nan,nan,nan,nan,nan,nan,nan,nan,nan,nan,nan,nan,"[0, 1, '', 0, None, None]","[2, 1, 'Apr', 0, None, None]","[3, 1, 'Jan', 0, None, None]","[0, 1, '', 0, None, None]","[0, 1, '', 0, None, None]",nan,nan,2020-01-19 18:07:45
Mumbles Head,nan,nan,nan,nan,nan,nan,nan,nan,nan,nan,nan,nan,nan,nan,nan,nan,nan,nan,nan,nan,nan,nan,nan,nan,nan,nan,nan,nan,nan,nan,nan,nan,nan,nan,nan,nan,nan,nan,nan,nan,nan,nan,nan,nan,nan,nan,nan,nan,nan,nan,nan,nan,nan,nan,nan,nan,nan,nan,nan,"[1, 1, 'Apr', 0, None, None]","[1, 1, 'Dec', 0, None, None]",nan,nan,nan,nan,nan,nan,nan,nan,nan,nan,nan,nan,nan,nan,nan,"[0, 1, '', 0, None, None]","[0, 1, '', 0, None, None]","[1, 1, 'Nov', 1, 'Supplementary visit under the  WeBS Core Count Survey', 'WeBS']","[0, 1, '', 0, None, None]","[1, 1, 'Jan', 1, 'Supplementary visit under the  WeBS Core Count Survey', 'WeBS']","[1, 1, 'Dec', 0, None, None]","[0, 1, '', 0, None, None]",2020-01-19 18:07:45
"Ness of Sound, Yell",nan,nan,nan,nan,nan,nan,nan,nan,nan,nan,nan,nan,nan,nan,nan,nan,nan,nan,nan,nan,nan,nan,nan,nan,nan,nan,nan,nan,nan,nan,nan,nan,nan,nan,nan,nan,nan,nan,nan,nan,nan,nan,nan,nan,nan,nan,nan,nan,nan,nan,nan,nan,nan,nan,nan,nan,nan,nan,nan,nan,nan,nan,nan,nan,nan,nan,nan,nan,nan,nan,nan,"[0, 1, '', 0, None, None]","[0, 1, '', 0, None, None]","[0, 1, '', 0, None, None]","[1, 1, 'Oct', 0, None, None]","[0, 1, '', 0, None, None]","[0, 1, '', 0, None, None]","[0, 1, '', 0, None, None]",nan,"[0, 1, '', 0, None, None]","[2, 1, 'Dec', 0, None, None]","[0, 1, '', 0, None, None]","[0, 1, '', 0, None, None]",2020-01-19 18:07:45
North Norfolk Coast,nan,nan,nan,nan,nan,nan,nan,nan,nan,nan,nan,nan,nan,nan,nan,nan,nan,nan,nan,nan,nan,nan,nan,nan,nan,nan,nan,nan,nan,nan,nan,nan,nan,nan,nan,nan,nan,nan,nan,nan,nan,nan,nan,nan,nan,nan,nan,"[0, 2, '', 0, None, None]","[1, 1, 'Dec', 0, None, None]","[1, 2, 'Apr', 0, None, None]","[2, 2, 'Apr', 0, None, None]","[0, 1, '', 0, None, None]","[1, 2, 'Feb', 0, None, None]","[0, 1, '', 0, None, None]","[1, 1, 'Mar', 0, None, None]","[0, 1, '', 0, None, None]","[4, 1, 'Feb', 0, None, None]","[4, 1, 'Feb', 0, None, None]","[2, 1, 'Oct', 0, None, None]","[6, 1, 'Feb', 0, None, None]","[0, 1, '', 0, None, None]","[3, 1, 'Sep', 0, None, None]","[6, 1, 'Aug', 0, None, None]","[2, 1, 'Feb', 0, None, None]","[3, 1, 'Feb', 0, None, None]","[1, 1, 'Nov', 0, None, None]","[2, 1, 'Aug', 0, None, None]","[5, 1, 'Oct', 0, None, None]","[5, 1, 'Sep', 0, None, None]","[3, 1, 'Nov', 0, None, None]","[3, 1, 'Dec', 0, None, None]","[1, 1, 'Dec', 0, None, None]","[1, 1, 'Oct', 0, None, None]","[3, 1, 'Feb', 0, None, None]","[2, 1, 'Sep', 0, None, None]","[1, 1, 'Feb', 0, None, None]","[1, 1, 'Sep', 0, None, None]","[2, 1, 'Feb', 0, None, None]","[2, 1, 'Sep', 0, None, None]","[0, 1, '', 0, None, None]","[1, 1, 'Oct', 0, None, None]","[1, 1, 'Oct', 0, None, None]","[0, 1, '', 0, None, None]",2020-01-19 18:07:45
Otter Estuary,nan,nan,nan,nan,nan,nan,nan,nan,nan,nan,nan,nan,nan,nan,nan,nan,nan,nan,nan,nan,nan,nan,nan,nan,nan,nan,nan,nan,nan,nan,nan,nan,nan,nan,nan,"[0, 1, '', 0, None, None]",nan,nan,nan,nan,nan,"[0, 1, '', 0, None, None]","[0, 1, '', 0, None, None]","[0, 1, '', 0, None, None]","[0, 1, '', 0, None, None]","[0, 1, '', 0, None, None]","[0, 1, '', 0, None, None]","[0, 1, '', 0, None, None]","[0, 1, '', 0, None, None]","[0, 1, '', 0, None, None]","[2, 1, 'Jan', 0, None, None]","[0, 1, '', 0, None, None]","[0, 1, '', 0, None, None]","[3, 1, 'Feb', 0, None, None]","[3, 1, 'Nov', 0, None, None]","[0, 1, '', 0, None, None]","[2, 1, 'Feb', 0, None, None]","[0, 1, '', 0, None, None]","[0, 1, '', 0, None, None]","[1, 1, 'Jan', 0, None, None]","[0, 1, '', 0, None, None]","[0, 1, '', 0, None, None]","[0, 1, '', 0, None, None]","[0, 1, '', 0, None, None]","[2, 1, 'Mar', 0, None, None]","[1, 1, 'Feb', 0, None, None]","[0, 1, '', 0, None, None]","[0, 1, '', 0, None, None]","[0, 1, '', 0, None, None]","[1, 1, 'Nov', 0, None, None]","[0, 1, '', 0, None, None]","[1, 1, 'Dec', 0, None, None]","[0, 1, '', 0, None, None]","[0, 1, '', 0, None, None]","[0, 1, '', 0, None, None]","[0, 1, '', 0, None, None]","[0, 1, '', 0, None, None]","[3, 1, 'Nov', 0, None, None]","[0, 1, '', 0, None, None]","[0, 1, '', 0, None, None]","[4, 1, 'Dec', 0, None, None]","[1, 1, 'Nov', 0, None, None]","[0, 1, '', 0, None, None]",2020-01-19 18:07:45
Poll Creadha,nan,nan,nan,nan,nan,nan,nan,nan,nan,nan,nan,nan,nan,nan,nan,nan,nan,nan,nan,nan,nan,nan,nan,nan,nan,nan,nan,nan,nan,nan,nan,nan,nan,nan,nan,nan,nan,nan,nan,nan,nan,nan,nan,nan,nan,nan,nan,nan,nan,nan,nan,nan,nan,nan,nan,nan,nan,nan,nan,nan,nan,nan,nan,nan,"[0, 1, '', 0, None, None]","[0, 1, '', 0, None, None]",nan,nan,nan,"[0, 1, '', 0, None, None]","[0, 1, '', 0, None, None]","[0, 1, '', 0, None, None]","[0, 1, '', 0, None, None]","[0, 1, '', 0, None, None]","[0, 1, '', 0, None, None]",nan,"[0, 1, '', 0, None, None]","[0, 1, '', 0, None, None]","[0, 1, '', 0, None, None]",nan,"[0, 1, '', 0, None, None]","[4, 1, 'Feb', 0, None, None]","[0, 1, '', 0, None, None]",2020-01-19 18:07:45
Sandside Bay,nan,nan,nan,nan,nan,nan,nan,nan,nan,nan,nan,nan,nan,nan,nan,nan,nan,nan,nan,nan,nan,nan,nan,nan,nan,nan,nan,nan,nan,nan,nan,nan,nan,nan,nan,nan,nan,nan,nan,nan,nan,nan,nan,nan,nan,nan,nan,nan,nan,nan,nan,nan,nan,nan,nan,nan,nan,nan,nan,nan,nan,nan,nan,nan,nan,nan,nan,nan,nan,nan,nan,"[0, 1, '', 0, None, None]","[0, 1, '', 0, None, None]","[1, 2, 'Feb', 0, None, None]","[31, 2, 'Feb', 0, None, None]","[60, 1, 'Jan', 1, 'Supplementary roost count under the WeBS Core Count Survey', 'WeBS']","[13, 2, 'Feb', 0, None, None]","[0, 2, '', 0, None, None]","[0, 1, '', 0, None, None]","[3, 1, 'Feb', 0, None, None]","[1, 1, 'Feb', 0, None, None]","[0, 1, '', 0, None, None]","[0, 1, '', 0, None, None]",2020-01-19 18:07:45
Swale Estuary,nan,nan,nan,nan,nan,nan,nan,nan,nan,nan,nan,nan,nan,nan,nan,nan,nan,nan,nan,nan,nan,nan,nan,nan,nan,nan,nan,nan,nan,nan,nan,nan,nan,nan,nan,"[0, 1, '', 0, None, None]","[0, 2, '', 0, None, None]","[0, 2, '', 0, None, None]","[0, 1, '', 0, None, None]","[2, 1, 'Feb', 0, None, None]","[0, 1, '', 0, None, None]",nan,nan,nan,nan,"[1, 1, 'Dec', 0, None, None]","[1, 1, 'Dec', 0, None, None]","[1, 1, 'Jan', 0, None, None]","[0, 1, '', 0, None, None]","[7, 1, 'Jan', 0, None, None]","[110, 2, 'Sep', 0, None, None]","[0, 2, '', 0, None, None]","[0, 2, '', 0, None, None]","[0, 2, '', 0, None, None]","[0, 2, '', 0, None, None]","[0, 2, '', 0, None, None]","[0, 2, '', 0, None, None]","[0, 2, '', 0, None, None]","[0, 2, '', 0, None, None]","[0, 1, '', 0, None, None]","[0, 1, '', 0, None, None]","[0, 1, '', 0, None, None]","[0, 1, '', 0, None, None]","[0, 1, '', 0, None, None]","[0, 1, '', 0, None, None]","[0, 1, '', 0, None, None]","[0, 1, '', 0, None, None]","[0, 1, '', 0, None, None]","[0, 1, '', 0, None, None]","[0, 1, '', 0, None, None]","[0, 1, '', 0, None, None]","[1, 1, 'Jan', 0, None, None]","[0, 1, '', 0, None, None]","[0, 1, '', 0, None, None]","[1, 1, 'Mar', 0, None, None]","[1, 1, 'Mar', 0, None, None]","[0, 1, '', 0, None, None]","[0, 1, '', 0, None, None]","[0, 1, '', 0, None, None]","[0, 1, '', 0, None, None]","[0, 1, '', 0, None, None]","[0, 1, '', 0, None, None]","[7, 1, 'Dec', 0, None, None]",2020-01-19 18:07:45
Alde Estuary,nan,nan,nan,nan,nan,nan,nan,nan,nan,nan,nan,nan,nan,nan,nan,nan,nan,nan,nan,nan,nan,nan,nan,nan,nan,nan,nan,nan,nan,nan,nan,nan,nan,nan,nan,"[0, 1, '', 0, None, None]","[0, 1, '', 0, None, None]","[0, 1, '', 0, None, None]","[0, 1, '', 0, None, None]","[0, 1, '', 0, None, None]","[1, 1, 'Feb', 0, None, None]","[0, 1, '', 0, None, None]","[0, 1, '', 0, None, None]","[0, 1, '', 0, None, None]","[0, 1, '', 0, None, None]","[0, 1, '', 0, None, None]","[0, 1, '', 0, None, None]","[0, 1, '', 0, None, None]","[0, 1, '', 0, None, None]","[0, 1, '', 0, None, None]","[0, 1, '', 0, None, None]","[0, 1, '', 0, None, None]","[0, 1, '', 0, None, None]","[0, 2, '', 0, None, None]","[0, 1, '', 0, None, None]","[1, 1, 'Oct', 0, None, None]","[0, 1, '', 0, None, None]","[0, 1, '', 0, None, None]","[0, 1, '', 0, None, None]","[0, 1, '', 0, None, None]","[0, 1, '', 0, None, None]","[0, 1, '', 0, None, None]","[0, 1, '', 0, None, None]","[1, 1, 'Sep', 0, None, None]","[0, 1, '', 0, None, None]","[0, 1, '', 0, None, None]","[0, 1, '', 0, None, None]","[1, 1, 'Nov', 0, None, None]","[0, 1, '', 0, None, None]","[0, 1, '', 0, None, None]","[0, 1, '', 0, None, None]","[0, 1, '', 0, None, None]","[0, 1, '', 0, None, None]","[0, 1, '', 0, None, None]","[0, 1, '', 0, None, None]","[0, 1, '', 0, None, None]","[0, 1, '', 0, None, None]","[0, 1, '', 0, None, None]","[0, 1, '', 0, None, None]","[0, 1, '', 0, None, None]","[0, 1, '', 0, None, None]","[0, 1, '', 0, None, None]","[1, 1, 'Feb', 0, None, None]",2020-01-19 18:07:45
Alt Estuary,nan,nan,nan,nan,nan,nan,nan,nan,nan,nan,nan,nan,nan,nan,nan,nan,nan,nan,nan,nan,nan,nan,nan,nan,nan,nan,nan,nan,nan,nan,nan,nan,nan,nan,nan,"[0, 1, '', 0, None, None]","[2, 1, 'Feb', 0, None, None]","[0, 1, '', 0, None, None]","[0, 1, '', 0, None, None]","[0, 1, '', 0, None, None]","[0, 1, '', 0, None, None]","[4, 1, 'Feb', 0, None, None]","[5, 1, 'Feb', 0, None, None]","[4, 1, 'Jan', 0, None, None]","[5, 1, 'Jan', 0, None, None]","[0, 1, '', 0, None, None]","[0, 1, '', 0, None, None]","[1, 1, 'Jan', 0, None, None]","[0, 1, '', 0, None, None]","[0, 1, '', 0, None, None]","[0, 1, '', 0, None, None]","[0, 1, '', 0, None, None]","[0, 2, '', 0, None, None]","[0, 1, '', 0, None, None]","[0, 1, '', 0, None, None]","[0, 1, '', 0, None, None]","[3, 1, 'Mar', 0, None, None]","[0, 2, '', 0, None, None]","[3, 1, 'Apr', 0, None, None]","[11, 1, 'Apr', 0, None, None]","[1, 1, 'Apr', 0, None, None]","[3, 1, 'Apr', 0, None, None]","[0, 1, '', 0, None, None]","[0, 1, '', 0, None, None]","[0, 1, '', 0, None, None]","[0, 1, '', 0, None, None]","[0, 1, '', 0, None, None]","[0, 1, '', 0, None, None]","[0, 1, '', 0, None, None]","[0, 1, '', 0, None, None]","[0, 1, '', 0, None, None]","[0, 1, '', 0, None, None]","[0, 1, '', 0, None, None]","[1, 1, 'Dec', 1, 'Standard visit under the WeBS Low Tide Count Survey', 'WeBS']","[0, 1, '', 0, None, None]","[0, 2, '', 0, None, None]","[0, 1, '', 0, None, None]","[0, 1, '', 0, None, None]","[0, 1, '', 0, None, None]","[0, 1, '', 0, None, None]","[0, 1, '', 0, None, None]","[0, 1, '', 0, None, None]","[0, 2, '', 0, None, None]",2020-01-19 18:07:45
Avon Estuary (Devon),nan,nan,nan,nan,nan,nan,nan,nan,nan,nan,nan,nan,nan,nan,nan,nan,nan,nan,nan,nan,nan,nan,nan,nan,nan,nan,nan,nan,nan,nan,nan,nan,nan,nan,nan,"[0, 1, '', 0, None, None]","[0, 1, '', 0, None, None]","[0, 1, '', 0, None, None]","[0, 2, '', 0, None, None]","[0, 1, '', 0, None, None]","[0, 1, '', 0, None, None]","[0, 1, '', 0, None, None]","[0, 1, '', 0, None, None]","[0, 1, '', 0, None, None]","[0, 1, '', 0, None, None]","[0, 1, '', 0, None, None]","[0, 1, '', 0, None, None]","[0, 1, '', 0, None, None]","[3, 1, 'Mar', 0, None, None]","[0, 1, '', 0, None, None]","[0, 1, '', 0, None, None]","[0, 1, '', 0, None, None]","[0, 1, '', 0, None, None]","[0, 1, '', 0, None, None]","[0, 2, '', 0, None, None]","[0, 1, '', 0, None, None]","[0, 1, '', 0, None, None]","[0, 1, '', 0, None, None]","[0, 1, '', 0, None, None]","[0, 1, '', 0, None, None]","[0, 1, '', 0, None, None]","[0, 1, '', 0, None, None]","[0, 1, '', 0, None, None]","[0, 2, '', 0, None, None]","[0, 1, '', 0, None, None]","[0, 1, '', 0, None, None]","[0, 2, '', 0, None, None]","[0, 1, '', 0, None, None]","[0, 1, '', 0, None, None]","[0, 1, '', 0, None, None]","[0, 1, '', 0, None, None]","[0, 1, '', 0, None, None]","[0, 1, '', 0, None, None]","[0, 1, '', 0, None, None]","[0, 1, '', 0, None, None]","[1, 1, 'Nov', 0, None, None]","[0, 1, '', 0, None, None]","[0, 1, '', 0, None, None]","[0, 1, '', 0, None, None]","[0, 1, '', 0, None, None]","[0, 1, '', 0, None, None]","[0, 1, '', 0, None, None]","[0, 1, '', 0, None, None]",2020-01-19 18:07:45
Balchladich Bay,nan,nan,nan,nan,nan,nan,nan,nan,nan,nan,nan,nan,nan,nan,nan,nan,nan,nan,nan,nan,nan,nan,nan,nan,nan,nan,nan,nan,nan,nan,nan,nan,nan,nan,nan,nan,nan,nan,nan,nan,nan,nan,nan,nan,nan,nan,nan,nan,nan,nan,nan,nan,nan,nan,nan,nan,nan,nan,nan,nan,nan,nan,nan,nan,nan,nan,nan,nan,nan,nan,nan,"[0, 1, '', 0, None, None]","[8, 1, 'Feb', 0, None, None]","[0, 1, '', 0, None, None]","[0, 1, '', 0, None, None]","[0, 1, '', 0, None, None]","[0, 1, '', 0, None, None]","[0, 1, '', 0, None, None]","[0, 1, '', 0, None, None]","[0, 1, '', 0, None, None]","[0, 1, '', 0, None, None]","[0, 1, '', 0, None, None]","[0, 2, '', 0, None, None]",2020-01-19 18:07:45
Balivanich Bay,nan,nan,nan,nan,nan,nan,nan,nan,nan,nan,nan,nan,nan,nan,nan,nan,nan,nan,nan,nan,nan,nan,nan,nan,nan,nan,nan,nan,nan,nan,nan,nan,nan,nan,nan,nan,nan,nan,nan,nan,nan,nan,nan,nan,nan,nan,nan,nan,nan,nan,nan,nan,nan,nan,nan,nan,nan,nan,nan,nan,nan,nan,nan,nan,nan,nan,nan,nan,nan,nan,nan,nan,nan,nan,nan,nan,"[0, 1, '', 0, None, None]","[20, 1, 'Jan', 0, None, None]","[0, 1, '', 0, None, None]",nan,nan,nan,nan,2020-01-19 18:07:45
Balranald Nature Reserve,nan,nan,nan,nan,nan,nan,nan,nan,nan,nan,nan,nan,nan,nan,nan,nan,nan,nan,nan,nan,nan,nan,nan,nan,nan,nan,nan,nan,nan,nan,nan,nan,nan,nan,nan,nan,nan,nan,nan,nan,nan,nan,nan,nan,nan,nan,nan,nan,nan,nan,nan,nan,nan,nan,nan,nan,nan,nan,nan,nan,nan,"[0, 1, '', 0, None, None]","[60, 1, 'Nov', 0, None, None]",nan,"[0, 1, '', 0, None, None]","[0, 2, '', 0, None, None]","[110, 1, 'Apr', 0, None, None]","[280, 1, 'Apr', 0, None, None]","[180, 1, 'Jan', 0, None, None]","[0, 1, '', 0, None, None]","[0, 1, '', 0, None, None]","[0, 1, '', 0, None, None]","[0, 1, '', 0, None, None]","[0, 1, '', 0, None, None]","[0, 1, '', 0, None, None]","[0, 1, '', 0, None, None]","[0, 1, '', 0, None, None]","[0, 1, '', 0, None, None]","[0, 1, '', 0, None, None]","[0, 1, '', 0, None, None]","[0, 1, '', 0, None, None]","[0, 1, '', 0, None, None]","[0, 1, '', 0, None, None]",2020-01-19 18:07:45
Bann Estuary,nan,nan,nan,nan,nan,nan,nan,nan,nan,nan,nan,nan,nan,nan,nan,nan,nan,nan,nan,nan,nan,nan,nan,nan,nan,nan,nan,nan,nan,nan,nan,nan,nan,nan,nan,"[0, 1, '', 0, None, None]","[3, 1, 'Apr', 0, None, None]","[0, 1, '', 0, None, None]","[0, 1, '', 0, None, None]","[0, 1, '', 0, None, None]","[0, 1, '', 0, None, None]",nan,nan,"[0, 1, '', 0, None, None]","[0, 1, '', 0, None, None]","[0, 1, '', 0, None, None]","[0, 1, '', 0, None, None]",nan,"[0, 1, '', 0, None, None]","[0, 1, '', 0, None, None]","[0, 1, '', 0, None, None]","[0, 1, '', 0, None, None]","[0, 1, '', 0, None, None]","[0, 1, '', 0, None, None]","[0, 1, '', 0, None, None]","[0, 1, '', 0, None, None]","[0, 1, '', 0, None, None]","[0, 1, '', 0, None, None]","[0, 1, '', 0, None, None]","[0, 1, '', 0, None, None]","[0, 1, '', 0, None, None]","[0, 1, '', 0, None, None]","[0, 1, '', 0, None, None]","[0, 1, '', 0, None, None]","[0, 1, '', 0, None, None]","[0, 1, '', 0, None, None]","[0, 1, '', 0, None, None]","[0, 1, '', 0, None, None]","[0, 1, '', 0, None, None]","[0, 1, '', 0, None, None]","[0, 1, '', 0, None, None]","[0, 1, '', 0, None, None]","[0, 1, '', 0, None, None]","[0, 1, '', 0, None, None]","[0, 1, '', 0, None, None]","[0, 1, '', 0, None, None]","[0, 1, '', 0, None, None]","[0, 1, '', 0, None, None]","[0, 1, '', 0, None, None]","[0, 1, '', 0, None, None]","[0, 1, '', 0, None, None]","[0, 1, '', 0, None, None]","[0, 1, '', 0, None, None]",2020-01-19 18:07:45
Bay of Culkein,nan,nan,nan,nan,nan,nan,nan,nan,nan,nan,nan,nan,nan,nan,nan,nan,nan,nan,nan,nan,nan,nan,nan,nan,nan,nan,nan,nan,nan,nan,nan,nan,nan,nan,nan,nan,nan,nan,nan,nan,nan,nan,nan,nan,nan,nan,nan,nan,nan,nan,nan,nan,nan,nan,nan,nan,nan,nan,nan,nan,nan,nan,nan,nan,"[0, 2, '', 0, None, None]",nan,nan,nan,nan,"[0, 1, '', 0, None, None]","[0, 1, '', 0, None, None]","[0, 1, '', 0, None, None]","[30, 1, 'Feb', 0, None, None]","[0, 1, '', 0, None, None]","[0, 1, '', 0, None, None]","[0, 1, '', 0, None, None]","[0, 1, '', 0, None, None]","[0, 1, '', 0, None, None]","[2, 1, 'Nov', 0, None, None]","[0, 1, '', 0, None, None]","[0, 1, '', 0, None, None]","[0, 1, '', 0, None, None]","[0, 1, '', 0, None, None]",2020-01-19 18:07:45
Beaulieu Estuary,nan,nan,nan,nan,nan,nan,nan,nan,nan,nan,nan,nan,nan,nan,nan,nan,nan,nan,nan,nan,nan,nan,nan,nan,nan,nan,nan,nan,nan,nan,nan,nan,nan,nan,nan,"[0, 1, '', 0, None, None]","[0, 1, '', 0, None, None]","[0, 1, '', 0, None, None]","[0, 1, '', 0, None, None]","[0, 1, '', 0, None, None]","[0, 1, '', 0, None, None]","[0, 1, '', 0, None, None]","[0, 1, '', 0, None, None]","[0, 1, '', 0, None, None]","[0, 1, '', 0, None, None]","[0, 1, '', 0, None, None]","[0, 1, '', 0, None, None]","[0, 1, '', 0, None, None]","[0, 1, '', 0, None, None]","[0, 1, '', 0, None, None]","[0, 1, '', 0, None, None]",nan,"[0, 1, '', 0, None, None]","[0, 1, '', 0, None, None]","[0, 1, '', 0, None, None]","[0, 1, '', 0, None, None]","[0, 1, '', 0, None, None]","[0, 1, '', 0, None, None]","[0, 1, '', 0, None, None]","[0, 1, '', 0, None, None]","[0, 1, '', 0, None, None]","[0, 1, '', 0, None, None]","[0, 1, '', 0, None, None]","[0, 1, '', 0, None, None]","[0, 1, '', 0, None, None]","[0, 1, '', 0, None, None]","[0, 1, '', 0, None, None]","[0, 1, '', 0, None, None]","[0, 1, '', 0, None, None]","[0, 1, '', 0, None, None]","[0, 1, '', 0, None, None]","[0, 1, '', 0, None, None]","[0, 1, '', 0, None, None]","[0, 1, '', 0, None, None]","[0, 1, '', 0, None, None]","[0, 1, '', 0, None, None]","[0, 1, '', 0, None, None]","[0, 1, '', 0, None, None]","[0, 1, '', 0, None, None]","[0, 1, '', 0, None, None]","[1, 1, 'Nov', 0, None, None]","[0, 1, '', 0, None, None]","[0, 1, '', 0, None, None]",2020-01-19 18:07:45
Beesands Ley,nan,nan,nan,nan,nan,nan,nan,nan,nan,nan,nan,nan,nan,nan,nan,nan,nan,nan,nan,nan,nan,nan,nan,nan,nan,nan,nan,nan,nan,nan,nan,nan,nan,nan,nan,nan,nan,nan,nan,nan,nan,nan,nan,nan,nan,nan,nan,nan,nan,nan,nan,nan,nan,nan,nan,nan,"[0, 1, '', 0, None, None]","[0, 1, '', 0, None, None]","[0, 1, '', 0, None, None]","[0, 1, '', 0, None, None]","[2, 1, 'Nov', 0, None, None]","[0, 1, '', 0, None, None]","[0, 1, '', 0, None, None]","[0, 1, '', 0, None, None]","[0, 1, '', 0, None, None]",nan,nan,nan,"[0, 1, '', 0, None, None]","[0, 1, '', 0, None, None]","[0, 1, '', 0, None, None]","[0, 1, '', 0, None, None]","[0, 1, '', 0, None, None]","[0, 1, '', 0, None, None]","[0, 1, '', 0, None, None]","[0, 1, '', 0, None, None]","[0, 1, '', 0, None, None]","[0, 1, '', 0, None, None]","[0, 1, '', 0, None, None]","[0, 1, '', 0, None, None]","[0, 1, '', 0, None, None]","[0, 1, '', 0, None, None]","[0, 1, '', 0, None, None]",2020-01-19 18:07:45
Belvide Reservoir,nan,nan,nan,nan,nan,nan,nan,nan,nan,nan,nan,nan,nan,nan,nan,nan,nan,nan,nan,nan,nan,nan,nan,nan,nan,nan,nan,nan,nan,nan,nan,nan,nan,nan,nan,nan,nan,nan,nan,nan,nan,nan,nan,nan,nan,nan,nan,nan,nan,nan,nan,nan,nan,nan,nan,nan,"[0, 1, '', 0, None, None]","[0, 1, '', 0, None, None]","[0, 1, '', 0, None, None]","[0, 1, '', 0, None, None]","[0, 1, '', 0, None, None]","[0, 1, '', 0, None, None]","[0, 1, '', 0, None, None]","[0, 1, '', 0, None, None]","[0, 1, '', 0, None, None]","[1, 1, 'Dec', 0, None, None]","[0, 1, '', 0, None, None]",nan,"[0, 1, '', 0, None, None]","[0, 1, '', 0, None, None]","[0, 1, '', 0, None, None]","[0, 1, '', 0, None, None]","[0, 1, '', 0, None, None]","[0, 1, '', 0, None, None]","[0, 1, '', 0, None, None]","[0, 1, '', 0, None, None]","[0, 1, '', 0, None, None]","[0, 1, '', 0, None, None]","[0, 1, '', 0, None, None]","[0, 1, '', 0, None, None]","[0, 1, '', 0, None, None]","[0, 1, '', 0, None, None]","[0, 1, '', 0, None, None]",2020-01-19 18:07:45
Billia Croo to Hamnavoe,nan,nan,nan,nan,nan,nan,nan,nan,nan,nan,nan,nan,nan,nan,nan,nan,nan,nan,nan,nan,nan,nan,nan,nan,nan,nan,nan,nan,nan,nan,nan,nan,nan,nan,nan,nan,nan,nan,nan,nan,nan,nan,nan,nan,nan,nan,nan,nan,nan,nan,nan,nan,nan,nan,nan,nan,nan,nan,nan,nan,nan,nan,nan,nan,nan,nan,nan,nan,nan,nan,nan,nan,nan,nan,nan,nan,nan,nan,nan,nan,nan,nan,"[0, 2, '', 0, None, None]",2020-01-19 18:07:45
Blithfield Reservoir,nan,nan,nan,nan,nan,nan,nan,nan,nan,nan,nan,nan,nan,nan,nan,nan,nan,nan,nan,nan,nan,nan,nan,nan,nan,nan,nan,nan,nan,nan,nan,nan,nan,nan,nan,nan,nan,nan,nan,nan,nan,nan,nan,nan,nan,nan,nan,nan,nan,nan,nan,nan,nan,nan,nan,nan,"[1, 1, 'Nov', 0, None, None]","[0, 1, '', 0, None, None]","[0, 1, '', 0, None, None]","[0, 1, '', 0, None, None]","[0, 1, '', 0, None, None]","[0, 1, '', 0, None, None]","[0, 1, '', 0, None, None]","[0, 1, '', 0, None, None]","[0, 1, '', 0, None, None]","[0, 1, '', 0, None, None]","[0, 1, '', 0, None, None]","[0, 1, '', 0, None, None]","[0, 1, '', 0, None, None]","[0, 1, '', 0, None, None]",nan,nan,"[0, 1, '', 0, None, None]","[0, 1, '', 0, None, None]","[0, 1, '', 0, None, None]","[0, 1, '', 0, None, None]","[0, 1, '', 0, None, None]","[0, 1, '', 0, None, None]","[0, 1, '', 0, None, None]","[0, 1, '', 0, None, None]","[0, 1, '', 0, None, None]","[0, 1, '', 0, None, None]","[0, 1, '', 0, None, None]",2020-01-19 18:07:45
Blucks Pool to Freshwater West,nan,nan,nan,nan,nan,nan,nan,nan,nan,nan,nan,nan,nan,nan,nan,nan,nan,nan,nan,nan,nan,nan,nan,nan,nan,nan,nan,nan,nan,nan,nan,nan,nan,nan,nan,nan,nan,nan,nan,nan,nan,nan,nan,nan,nan,nan,nan,nan,nan,nan,nan,nan,nan,nan,nan,nan,nan,nan,nan,nan,"[0, 1, '', 0, None, None]","[0, 1, '', 0, None, None]","[0, 1, '', 0, None, None]","[0, 1, '', 0, None, None]","[0, 2, '', 0, None, None]","[0, 1, '', 0, None, None]","[0, 1, '', 0, None, None]","[0, 1, '', 0, None, None]","[0, 1, '', 0, None, None]","[0, 1, '', 0, None, None]","[0, 1, '', 0, None, None]","[0, 1, '', 0, None, None]","[1, 1, 'Nov', 0, None, None]","[1, 1, 'Jan', 0, None, None]","[0, 1, '', 0, None, None]","[0, 1, '', 0, None, None]","[0, 1, '', 0, None, None]","[0, 1, '', 0, None, None]","[0, 1, '', 0, None, None]","[0, 1, '', 0, None, None]","[0, 1, '', 0, None, None]","[0, 1, '', 0, None, None]","[0, 1, '', 0, None, None]",2020-01-19 18:07:45
Blyth Estuary (Northumberland),nan,nan,nan,nan,nan,nan,nan,nan,nan,nan,nan,nan,nan,nan,nan,nan,nan,nan,nan,nan,nan,nan,nan,nan,nan,nan,nan,nan,nan,nan,nan,nan,nan,nan,nan,nan,nan,nan,nan,nan,nan,nan,nan,nan,nan,nan,nan,"[0, 1, '', 0, None, None]","[0, 1, '', 0, None, None]","[0, 1, '', 0, None, None]","[0, 1, '', 0, None, None]","[0, 1, '', 0, None, None]","[0, 1, '', 0, None, None]","[0, 1, '', 0, None, None]","[0, 1, '', 0, None, None]","[0, 1, '', 0, None, None]","[0, 1, '', 0, None, None]","[2, 1, 'Oct', 0, None, None]","[0, 1, '', 0, None, None]","[0, 2, '', 0, None, None]","[0, 1, '', 0, None, None]","[0, 1, '', 0, None, None]","[12, 1, 'Feb', 0, None, None]","[1, 1, 'Nov', 0, None, None]","[0, 1, '', 0, None, None]","[0, 1, '', 0, None, None]","[1, 1, 'Mar', 0, None, None]","[0, 1, '', 0, None, None]","[0, 1, '', 0, None, None]","[0, 1, '', 0, None, None]","[0, 1, '', 0, None, None]","[0, 1, '', 0, None, None]","[0, 1, '', 0, None, None]","[0, 1, '', 0, None, None]","[0, 1, '', 0, None, None]","[0, 1, '', 0, None, None]","[0, 1, '', 0, None, None]","[0, 1, '', 0, None, None]","[2, 1, 'Oct', 0, None, None]","[0, 1, '', 0, None, None]","[0, 1, '', 0, None, None]","[0, 1, '', 0, None, None]","[0, 1, '', 0, None, None]",2020-01-19 18:07:45
Boddington Reservoirs,nan,nan,nan,nan,nan,nan,nan,nan,nan,nan,nan,nan,nan,nan,nan,nan,nan,nan,nan,nan,nan,nan,nan,nan,nan,nan,nan,nan,nan,nan,nan,nan,nan,nan,nan,nan,nan,nan,nan,nan,nan,nan,nan,nan,nan,nan,nan,nan,nan,nan,nan,nan,nan,nan,nan,nan,nan,"[0, 1, '', 0, None, None]",nan,"[0, 1, '', 0, None, None]","[0, 1, '', 0, None, None]","[1, 1, 'Nov', 0, None, None]","[0, 1, '', 0, None, None]","[0, 1, '', 0, None, None]","[0, 1, '', 0, None, None]","[0, 2, '', 0, None, None]","[0, 2, '', 0, None, None]","[0, 1, '', 0, None, None]","[0, 1, '', 0, None, None]","[0, 2, '', 0, None, None]","[0, 1, '', 0, None, None]","[0, 2, '', 0, None, None]","[0, 1, '', 0, None, None]","[0, 1, '', 0, None, None]","[0, 1, '', 0, None, None]","[0, 1, '', 0, None, None]","[0, 1, '', 0, None, None]","[0, 1, '', 0, None, None]","[0, 1, '', 0, None, None]","[0, 1, '', 0, None, None]","[0, 1, '', 0, None, None]","[0, 1, '', 0, None, None]","[0, 1, '', 0, None, None]",2020-01-19 18:07:45
Brading Harbour,nan,nan,nan,nan,nan,nan,nan,nan,nan,nan,nan,nan,nan,nan,nan,nan,nan,nan,nan,nan,nan,nan,nan,nan,nan,nan,nan,nan,nan,nan,nan,nan,nan,nan,nan,"[0, 1, '', 0, None, None]","[1, 1, 'Jan', 0, None, None]","[0, 1, '', 0, None, None]","[0, 1, '', 0, None, None]","[0, 1, '', 0, None, None]","[0, 1, '', 0, None, None]","[0, 1, '', 0, None, None]","[0, 1, '', 0, None, None]","[2, 1, 'Jan', 0, None, None]","[0, 1, '', 0, None, None]","[0, 1, '', 0, None, None]","[0, 1, '', 0, None, None]","[0, 1, '', 0, None, None]","[4, 1, 'Dec', 0, None, None]","[0, 1, '', 0, None, None]","[0, 1, '', 0, None, None]","[0, 1, '', 0, None, None]","[0, 1, '', 0, None, None]","[0, 1, '', 0, None, None]","[0, 1, '', 0, None, None]","[0, 1, '', 0, None, None]","[0, 1, '', 0, None, None]","[0, 1, '', 0, None, None]","[0, 1, '', 0, None, None]","[0, 2, '', 0, None, None]","[0, 1, '', 0, None, None]","[0, 1, '', 0, None, None]","[0, 1, '', 0, None, None]","[0, 1, '', 0, None, None]","[0, 1, '', 0, None, None]","[0, 1, '', 0, None, None]","[0, 1, '', 0, None, None]","[0, 1, '', 0, None, None]","[0, 1, '', 0, None, None]","[0, 1, '', 0, None, None]","[0, 2, '', 0, None, None]","[0, 1, '', 0, None, None]","[0, 1, '', 0, None, None]","[0, 1, '', 0, None, None]","[0, 1, '', 0, None, None]","[0, 1, '', 0, None, None]","[0, 1, '', 0, None, None]","[0, 1, '', 0, None, None]","[0, 1, '', 0, None, None]","[0, 1, '', 0, None, None]","[0, 1, '', 0, None, None]","[0, 1, '', 0, None, None]","[0, 2, '', 0, None, None]",2020-01-19 18:07:45
Breydon Water and Berney Marshes,nan,nan,nan,nan,nan,nan,nan,nan,nan,nan,nan,nan,nan,nan,nan,nan,nan,nan,nan,nan,nan,nan,nan,nan,nan,nan,nan,nan,nan,nan,nan,nan,nan,nan,nan,"[0, 2, '', 0, None, None]","[0, 2, '', 0, None, None]","[0, 1, '', 0, None, None]","[0, 1, '', 0, None, None]","[0, 1, '', 0, None, None]",nan,nan,nan,nan,"[0, 1, '', 0, None, None]",nan,"[0, 1, '', 0, None, None]","[0, 1, '', 0, None, None]","[0, 1, '', 0, None, None]","[0, 1, '', 0, None, None]","[0, 1, '', 0, None, None]","[0, 1, '', 0, None, None]","[0, 1, '', 0, None, None]","[0, 1, '', 0, None, None]","[0, 1, '', 0, None, None]","[0, 1, '', 0, None, None]","[0, 1, '', 0, None, None]","[0, 1, '', 0, None, None]","[0, 2, '', 0, None, None]","[0, 1, '', 0, None, None]","[0, 1, '', 0, None, None]","[0, 1, '', 0, None, None]","[0, 1, '', 0, None, None]","[0, 1, '', 0, None, None]","[0, 1, '', 0, None, None]","[0, 1, '', 0, None, None]","[0, 1, '', 0, None, None]","[0, 1, '', 0, None, None]","[0, 1, '', 0, None, None]","[1, 1, 'Dec', 0, None, None]","[1, 1, 'Mar', 0, None, None]","[0, 1, '', 0, None, None]","[0, 1, '', 0, None, None]","[0, 1, '', 0, None, None]","[0, 1, '', 0, None, None]","[0, 1, '', 0, None, None]","[0, 1, '', 0, None, None]","[0, 1, '', 0, None, None]","[0, 1, '', 0, None, None]","[0, 1, '', 0, None, None]","[0, 1, '', 0, None, None]","[0, 1, '', 0, None, None]","[0, 1, '', 0, None, None]",2020-01-19 18:07:45
Brims Ness,nan,nan,nan,nan,nan,nan,nan,nan,nan,nan,nan,nan,nan,nan,nan,nan,nan,nan,nan,nan,nan,nan,nan,nan,nan,nan,nan,nan,nan,nan,nan,nan,nan,nan,nan,nan,nan,nan,nan,nan,nan,nan,nan,nan,nan,nan,nan,nan,nan,nan,nan,nan,nan,nan,nan,nan,nan,nan,nan,nan,nan,nan,nan,nan,nan,nan,nan,nan,nan,nan,nan,nan,"[6, 1, 'Feb', 0, None, None]","[0, 1, '', 0, None, None]",nan,"[90, 1, 'Jan', 1, 'Supplementary roost count under the WeBS Core Count Survey', 'WeBS']","[0, 2, '', 0, None, None]","[0, 2, '', 0, None, None]","[0, 1, '', 0, None, None]","[0, 1, '', 0, None, None]","[0, 1, '', 0, None, None]","[0, 1, '', 0, None, None]","[0, 1, '', 0, None, None]",2020-01-19 18:07:45
Burra Firth (Head) Unst,nan,nan,nan,nan,nan,nan,nan,nan,nan,nan,nan,nan,nan,nan,nan,nan,nan,nan,nan,nan,nan,nan,nan,nan,nan,nan,nan,nan,nan,nan,nan,nan,nan,nan,nan,nan,nan,nan,nan,nan,nan,nan,nan,nan,nan,nan,nan,nan,nan,nan,nan,nan,nan,nan,nan,nan,nan,nan,nan,nan,nan,nan,nan,nan,"[0, 1, '', 0, None, None]","[2, 1, 'Jan', 0, None, None]","[0, 1, '', 0, None, None]","[0, 1, '', 0, None, None]","[0, 1, '', 0, None, None]","[0, 1, '', 0, None, None]","[0, 1, '', 0, None, None]","[0, 1, '', 0, None, None]","[0, 1, '', 0, None, None]","[0, 1, '', 0, None, None]","[0, 1, '', 0, None, None]","[0, 1, '', 0, None, None]","[0, 1, '', 0, None, None]","[0, 1, '', 0, None, None]","[0, 1, '', 0, None, None]","[0, 1, '', 0, None, None]","[0, 1, '', 0, None, None]","[1, 1, 'Feb', 0, None, None]","[0, 1, '', 0, None, None]",2020-01-19 18:07:45
Burry Inlet,nan,nan,nan,nan,nan,nan,nan,nan,nan,nan,nan,nan,nan,nan,nan,nan,nan,nan,nan,nan,nan,nan,nan,nan,nan,nan,nan,nan,nan,nan,nan,nan,nan,nan,nan,"[0, 1, '', 0, None, None]","[0, 1, '', 0, None, None]","[0, 1, '', 0, None, None]","[3, 1, 'Mar', 0, None, None]","[5, 1, 'Feb', 0, None, None]","[6, 1, 'Mar', 0, None, None]","[0, 1, '', 0, None, None]","[0, 1, '', 0, None, None]","[0, 1, '', 0, None, None]","[0, 1, '', 0, None, None]","[0, 1, '', 0, None, None]","[0, 1, '', 0, None, None]","[0, 1, '', 0, None, None]","[0, 1, '', 0, None, None]","[0, 1, '', 0, None, None]","[0, 1, '', 0, None, None]","[0, 1, '', 0, None, None]","[0, 1, '', 0, None, None]","[0, 1, '', 0, None, None]","[0, 1, '', 0, None, None]","[0, 1, '', 0, None, None]","[0, 1, '', 0, None, None]","[2, 1, 'Jan', 0, None, None]","[0, 1, '', 0, None, None]","[0, 1, '', 0, None, None]","[0, 1, '', 0, None, None]","[7, 1, 'Nov', 1, 'Standard visit under the WeBS Low Tide Count Survey', 'WeBS']","[0, 1, '', 0, None, None]","[0, 1, '', 0, None, None]","[0, 2, '', 0, None, None]","[0, 1, '', 0, None, None]","[0, 1, '', 0, None, None]","[0, 1, '', 0, None, None]","[0, 1, '', 0, None, None]","[0, 1, '', 0, None, None]","[0, 1, '', 0, None, None]","[0, 1, '', 0, None, None]","[0, 1, '', 0, None, None]","[0, 1, '', 0, None, None]","[0, 1, '', 0, None, None]","[0, 1, '', 0, None, None]","[0, 1, '', 0, None, None]","[0, 1, '', 0, None, None]","[0, 1, '', 0, None, None]","[0, 1, '', 0, None, None]","[0, 1, '', 0, None, None]","[0, 1, '', 0, None, None]","[0, 1, '', 0, None, None]",2020-01-19 18:07:45
Caernarfon Bay,nan,nan,nan,nan,nan,nan,nan,nan,nan,nan,nan,nan,nan,nan,nan,nan,nan,nan,nan,nan,nan,nan,nan,nan,nan,nan,nan,nan,nan,nan,nan,nan,nan,nan,nan,nan,nan,nan,nan,nan,nan,nan,nan,nan,nan,nan,nan,nan,nan,nan,nan,nan,nan,nan,nan,nan,nan,nan,nan,nan,nan,nan,nan,"[0, 1, '', 0, None, None]",nan,nan,nan,nan,nan,nan,nan,nan,nan,nan,"[0, 1, '', 0, None, None]","[1, 1, 'Dec', 1, 'Supplementary visit under the  WeBS Core Count Survey', 'WeBS']",nan,nan,nan,nan,"[0, 1, '', 0, None, None]","[0, 1, '', 0, None, None]","[0, 1, '', 0, None, None]",2020-01-19 18:07:45
Caistron Quarry,nan,nan,nan,nan,nan,nan,nan,nan,nan,nan,nan,nan,nan,nan,nan,nan,nan,nan,nan,nan,nan,nan,nan,nan,nan,nan,nan,nan,nan,nan,nan,nan,nan,nan,nan,nan,nan,nan,nan,nan,nan,nan,nan,nan,nan,nan,nan,nan,nan,nan,nan,nan,nan,nan,nan,nan,"[0, 1, '', 0, None, None]","[0, 1, '', 0, None, None]","[0, 1, '', 0, None, None]","[0, 1, '', 0, None, None]","[0, 1, '', 0, None, None]",nan,nan,nan,nan,"[1, 1, 'Nov', 0, None, None]","[0, 1, '', 0, None, None]","[0, 1, '', 0, None, None]","[0, 1, '', 0, None, None]","[0, 1, '', 0, None, None]","[0, 1, '', 0, None, None]","[0, 1, '', 0, None, None]","[0, 1, '', 0, None, None]","[0, 1, '', 0, None, None]","[0, 1, '', 0, None, None]","[0, 1, '', 0, None, None]","[0, 1, '', 0, None, None]","[0, 1, '', 0, None, None]","[0, 1, '', 0, None, None]","[0, 1, '', 0, None, None]","[0, 1, '', 0, None, None]","[0, 1, '', 0, None, None]","[0, 1, '', 0, None, None]",2020-01-19 18:07:45
Camel Estuary,nan,nan,nan,nan,nan,nan,nan,nan,nan,nan,nan,nan,nan,nan,nan,nan,nan,nan,nan,nan,nan,nan,nan,nan,nan,nan,nan,nan,nan,nan,nan,nan,nan,nan,nan,"[2, 1, 'Feb', 0, None, None]","[0, 2, '', 0, None, None]","[0, 2, '', 0, None, None]","[0, 2, '', 0, None, None]","[0, 2, '', 0, None, None]","[0, 2, '', 0, None, None]","[0, 2, '', 0, None, None]","[0, 2, '', 0, None, None]",nan,"[0, 1, '', 0, None, None]","[0, 1, '', 0, None, None]",nan,"[0, 1, '', 0, None, None]",nan,"[0, 1, '', 0, None, None]","[0, 2, '', 0, None, None]","[0, 1, '', 0, None, None]","[0, 1, '', 0, None, None]","[0, 1, '', 0, None, None]","[0, 2, '', 0, None, None]","[0, 1, '', 0, None, None]","[0, 1, '', 0, None, None]","[0, 1, '', 0, None, None]","[0, 2, '', 0, None, None]","[0, 1, '', 0, None, None]","[0, 1, '', 0, None, None]","[0, 1, '', 0, None, None]","[0, 1, '', 0, None, None]","[5, 1, 'Dec', 0, None, None]","[0, 1, '', 0, None, None]","[1, 2, 'Jan', 0, None, None]","[0, 1, '', 0, None, None]","[0, 1, '', 0, None, None]","[0, 1, '', 0, None, None]","[0, 1, '', 0, None, None]","[0, 1, '', 0, None, None]","[0, 1, '', 0, None, None]","[0, 1, '', 0, None, None]","[0, 1, '', 0, None, None]","[0, 1, '', 0, None, None]","[0, 1, '', 0, None, None]","[0, 1, '', 0, None, None]","[0, 1, '', 0, None, None]","[0, 1, '', 0, None, None]","[0, 1, '', 0, None, None]","[0, 1, '', 0, None, None]","[0, 1, '', 0, None, None]","[1, 1, 'Nov', 1, 'Supplementary visit under the  WeBS Core Count Survey', 'WeBS']",2020-01-19 18:07:45
Carlingford Lough,nan,nan,nan,nan,nan,nan,nan,nan,nan,nan,nan,nan,nan,nan,nan,nan,nan,nan,nan,nan,nan,nan,nan,nan,nan,nan,nan,nan,nan,nan,nan,nan,nan,nan,nan,nan,nan,nan,nan,nan,nan,nan,nan,nan,nan,nan,"[0, 1, '', 0, None, None]","[0, 1, '', 0, None, None]","[0, 1, '', 0, None, None]","[0, 1, '', 0, None, None]","[0, 1, '', 0, None, None]","[0, 1, '', 0, None, None]","[0, 1, '', 0, None, None]","[0, 1, '', 0, None, None]","[2, 1, 'Feb', 0, None, None]","[0, 1, '', 0, None, None]","[0, 1, '', 0, None, None]","[0, 1, '', 0, None, None]","[0, 1, '', 0, None, None]","[0, 1, '', 0, None, None]","[0, 1, '', 0, None, None]","[0, 1, '', 0, None, None]","[0, 1, '', 0, None, None]","[0, 1, '', 0, None, None]","[0, 1, '', 0, None, None]","[0, 1, '', 0, None, None]","[0, 1, '', 0, None, None]","[0, 1, '', 0, None, None]","[0, 1, '', 0, None, None]","[0, 1, '', 0, None, None]","[0, 1, '', 0, None, None]","[0, 1, '', 0, None, None]","[0, 1, '', 0, None, None]","[0, 1, '', 0, None, None]","[0, 1, '', 0, None, None]","[0, 1, '', 0, None, None]","[0, 1, '', 0, None, None]","[0, 1, '', 0, None, None]","[0, 1, '', 0, None, None]","[0, 1, '', 0, None, None]","[0, 2, '', 0, None, None]","[0, 1, '', 0, None, None]","[0, 2, '', 0, None, None]",2020-01-19 18:07:45
Carmarthen Bay,nan,nan,nan,nan,nan,nan,nan,nan,nan,nan,nan,nan,nan,nan,nan,nan,nan,nan,nan,nan,nan,nan,nan,nan,nan,nan,nan,nan,nan,nan,nan,nan,nan,nan,nan,"[0, 1, '', 0, None, None]",nan,"[0, 1, '', 0, None, None]","[0, 1, '', 0, None, None]","[0, 1, '', 0, None, None]","[0, 1, '', 0, None, None]","[0, 1, '', 0, None, None]",nan,nan,nan,nan,nan,"[0, 1, '', 0, None, None]","[0, 1, '', 0, None, None]","[0, 1, '', 0, None, None]","[0, 1, '', 0, None, None]","[0, 1, '', 0, None, None]","[0, 2, '', 0, None, None]",nan,"[0, 2, '', 0, None, None]","[0, 2, '', 0, None, None]","[3, 1, 'Dec', 0, None, None]","[0, 2, '', 0, None, None]","[0, 2, '', 0, None, None]","[0, 1, '', 0, None, None]","[0, 1, '', 0, None, None]","[0, 1, '', 0, None, None]","[0, 1, '', 0, None, None]","[0, 1, '', 0, None, None]","[0, 1, '', 0, None, None]","[0, 1, '', 0, None, None]","[0, 1, '', 0, None, None]","[0, 1, '', 0, None, None]","[0, 1, '', 0, None, None]","[0, 1, '', 0, None, None]","[1, 1, 'Nov', 0, None, None]","[0, 1, '', 0, None, None]","[0, 1, '', 0, None, None]","[0, 1, '', 0, None, None]","[0, 1, '', 0, None, None]","[0, 1, '', 0, None, None]","[0, 1, '', 0, None, None]","[0, 1, '', 0, None, None]","[0, 1, '', 0, None, None]","[0, 1, '', 0, None, None]","[0, 1, '', 0, None, None]","[0, 1, '', 0, None, None]","[0, 1, '', 0, None, None]",2020-01-19 18:07:45
Chichester Harbour,nan,nan,nan,nan,nan,nan,nan,nan,nan,nan,nan,nan,nan,nan,nan,nan,nan,nan,nan,nan,nan,nan,nan,nan,nan,nan,nan,nan,nan,nan,nan,nan,nan,nan,nan,nan,"[0, 2, '', 0, None, None]","[0, 2, '', 0, None, None]","[0, 1, '', 0, None, None]","[0, 2, '', 0, None, None]","[0, 1, '', 0, None, None]","[0, 1, '', 0, None, None]","[0, 1, '', 0, None, None]","[0, 1, '', 0, None, None]","[0, 1, '', 0, None, None]","[0, 1, '', 0, None, None]","[0, 2, '', 0, None, None]","[0, 1, '', 0, None, None]","[0, 2, '', 0, None, None]","[0, 2, '', 0, None, None]","[1, 1, 'Nov', 0, None, None]","[0, 1, '', 0, None, None]",nan,"[0, 2, '', 0, None, None]","[1, 2, 'Jan', 0, None, None]","[1, 1, 'Feb', 0, None, None]","[2, 1, 'Feb', 0, None, None]","[0, 1, '', 0, None, None]","[0, 2, '', 0, None, None]","[0, 2, '', 0, None, None]","[0, 1, '', 0, None, None]","[0, 1, '', 0, None, None]","[0, 2, '', 0, None, None]","[0, 1, '', 0, None, None]","[0, 1, '', 0, None, None]","[0, 2, '', 0, None, None]","[0, 1, '', 0, None, None]","[0, 1, '', 0, None, None]","[0, 1, '', 0, None, None]","[0, 1, '', 0, None, None]","[0, 1, '', 0, None, None]","[0, 1, '', 0, None, None]","[0, 1, '', 0, None, None]","[0, 1, '', 0, None, None]","[0, 1, '', 0, None, None]","[0, 1, '', 0, None, None]","[0, 1, '', 0, None, None]","[0, 1, '', 0, None, None]","[0, 1, '', 0, None, None]","[0, 1, '', 0, None, None]","[0, 1, '', 0, None, None]","[0, 1, '', 0, None, None]","[1, 1, 'Dec', 1, 'Standard visit under the WeBS Low Tide Count Survey', 'WeBS']",2020-01-19 18:07:45
Clardon Haven,nan,nan,nan,nan,nan,nan,nan,nan,nan,nan,nan,nan,nan,nan,nan,nan,nan,nan,nan,nan,nan,nan,nan,nan,nan,nan,nan,nan,nan,nan,nan,nan,nan,nan,nan,nan,nan,nan,nan,nan,nan,nan,nan,nan,nan,nan,nan,nan,nan,nan,nan,nan,nan,nan,nan,nan,nan,nan,nan,nan,nan,nan,nan,nan,nan,nan,nan,nan,nan,nan,nan,"[0, 1, '', 0, None, None]","[0, 1, '', 0, None, None]","[0, 2, '', 0, None, None]","[0, 1, '', 0, None, None]","[0, 1, '', 0, None, None]",nan,"[3, 1, 'Feb', 0, None, None]","[0, 1, '', 0, None, None]","[0, 1, '', 0, None, None]","[0, 1, '', 0, None, None]","[0, 1, '', 0, None, None]","[0, 1, '', 0, None, None]",2020-01-19 18:07:45
Cleddau Estuary,nan,nan,nan,nan,nan,nan,nan,nan,nan,nan,nan,nan,nan,nan,nan,nan,nan,nan,nan,nan,nan,nan,nan,nan,nan,nan,nan,nan,nan,nan,nan,nan,nan,nan,nan,"[0, 1, '', 0, None, None]","[0, 1, '', 0, None, None]","[0, 1, '', 0, None, None]","[0, 1, '', 0, None, None]","[0, 1, '', 0, None, None]","[0, 1, '', 0, None, None]","[0, 1, '', 0, None, None]","[0, 1, '', 0, None, None]","[0, 1, '', 0, None, None]","[0, 1, '', 0, None, None]","[0, 1, '', 0, None, None]","[0, 1, '', 0, None, None]","[0, 1, '', 0, None, None]","[0, 1, '', 0, None, None]","[0, 1, '', 0, None, None]","[0, 1, '', 0, None, None]","[0, 1, '', 0, None, None]","[0, 1, '', 0, None, None]","[0, 1, '', 0, None, None]","[0, 1, '', 0, None, None]","[0, 1, '', 0, None, None]","[0, 1, '', 0, None, None]","[0, 1, '', 0, None, None]","[0, 2, '', 0, None, None]","[0, 1, '', 0, None, None]","[0, 1, '', 0, None, None]","[0, 1, '', 0, None, None]","[0, 1, '', 0, None, None]","[0, 1, '', 0, None, None]","[0, 1, '', 0, None, None]","[0, 1, '', 0, None, None]","[0, 1, '', 0, None, None]","[0, 1, '', 0, None, None]","[0, 1, '', 0, None, None]","[0, 1, '', 0, None, None]","[0, 1, '', 0, None, None]","[0, 2, '', 0, None, None]","[0, 1, '', 0, None, None]","[0, 1, '', 0, None, None]","[0, 1, '', 0, None, None]","[0, 1, '', 0, None, None]","[0, 1, '', 0, None, None]","[0, 1, '', 0, None, None]","[0, 1, '', 0, None, None]","[0, 1, '', 0, None, None]","[0, 1, '', 0, None, None]","[0, 1, '', 0, None, None]","[0, 1, '', 0, None, None]",2020-01-19 18:07:45
Climping,nan,nan,nan,nan,nan,nan,nan,nan,nan,nan,nan,nan,nan,nan,nan,nan,nan,nan,nan,nan,nan,nan,nan,nan,nan,nan,nan,nan,nan,nan,nan,nan,nan,nan,nan,nan,nan,nan,nan,nan,nan,nan,nan,nan,nan,"[6, 1, 'Feb', 0, None, None]","[12, 1, 'Jan', 0, None, None]","[11, 1, 'Dec', 0, None, None]","[9, 1, 'Jan', 0, None, None]","[10, 1, 'Mar', 0, None, None]","[7, 1, 'Nov', 0, None, None]","[4, 1, 'Dec', 0, None, None]","[0, 1, '', 0, None, None]",nan,"[0, 1, '', 0, None, None]","[2, 1, 'Dec', 0, None, None]","[2, 1, 'Jan', 0, None, None]","[1, 1, 'Jan', 0, None, None]","[1, 1, 'Feb', 0, None, None]","[0, 1, '', 0, None, None]","[0, 1, '', 0, None, None]","[0, 1, '', 0, None, None]","[0, 1, '', 0, None, None]","[0, 1, '', 0, None, None]","[0, 2, '', 0, None, None]","[0, 1, '', 0, None, None]","[0, 1, '', 0, None, None]","[0, 1, '', 0, None, None]","[0, 1, '', 0, None, None]","[0, 1, '', 0, None, None]","[0, 1, '', 0, None, None]","[0, 1, '', 0, None, None]","[0, 1, '', 0, None, None]","[0, 1, '', 0, None, None]","[0, 1, '', 0, None, None]","[0, 1, '', 0, None, None]","[0, 1, '', 0, None, None]","[0, 1, '', 0, None, None]","[0, 1, '', 0, None, None]","[0, 1, '', 0, None, None]","[0, 1, '', 0, None, None]","[0, 1, '', 0, None, None]","[0, 1, '', 0, None, None]",2020-01-19 18:07:45
Clwyd Estuary,nan,nan,nan,nan,nan,nan,nan,nan,nan,nan,nan,nan,nan,nan,nan,nan,nan,nan,nan,nan,nan,nan,nan,nan,nan,nan,nan,nan,nan,nan,nan,nan,nan,nan,nan,"[1, 1, 'Mar', 0, None, None]","[0, 1, '', 0, None, None]","[0, 1, '', 0, None, None]","[0, 1, '', 0, None, None]","[0, 1, '', 0, None, None]","[0, 1, '', 0, None, None]","[0, 1, '', 0, None, None]","[0, 1, '', 0, None, None]","[0, 1, '', 0, None, None]","[0, 1, '', 0, None, None]",nan,nan,nan,nan,"[10, 1, 'Jan', 0, None, None]",nan,"[2, 1, 'Aug', 0, None, None]","[0, 1, '', 0, None, None]","[0, 1, '', 0, None, None]","[0, 1, '', 0, None, None]","[0, 1, '', 0, None, None]","[0, 1, '', 0, None, None]","[0, 1, '', 0, None, None]","[0, 1, '', 0, None, None]","[0, 2, '', 0, None, None]","[0, 1, '', 0, None, None]","[0, 1, '', 0, None, None]","[0, 1, '', 0, None, None]","[0, 1, '', 0, None, None]","[0, 1, '', 0, None, None]","[0, 1, '', 0, None, None]","[0, 1, '', 0, None, None]","[0, 1, '', 0, None, None]","[3, 1, 'Feb', 0, None, None]","[0, 1, '', 0, None, None]","[0, 1, '', 0, None, None]","[0, 1, '', 0, None, None]","[0, 2, '', 0, None, None]","[0, 2, '', 0, None, None]","[0, 1, '', 0, None, None]",nan,"[0, 1, '', 0, None, None]","[0, 1, '', 0, None, None]","[0, 1, '', 0, None, None]","[0, 2, '', 0, None, None]","[0, 1, '', 0, None, None]","[0, 1, '', 0, None, None]","[0, 2, '', 0, None, None]",2020-01-19 18:07:45
Colne Estuary,nan,nan,nan,nan,nan,nan,nan,nan,nan,nan,nan,nan,nan,nan,nan,nan,nan,nan,nan,nan,nan,nan,nan,nan,nan,nan,nan,nan,nan,nan,nan,nan,nan,nan,nan,"[0, 2, '', 0, None, None]","[1, 1, 'Feb', 0, None, None]","[8, 1, 'Mar', 0, None, None]","[4, 1, 'Apr', 0, None, None]","[11, 1, 'Apr', 0, None, None]","[4, 1, 'Feb', 0, None, None]","[0, 2, '', 0, None, None]","[0, 1, '', 0, None, None]","[0, 2, '', 0, None, None]","[0, 2, '', 0, None, None]","[0, 2, '', 0, None, None]","[1, 1, 'Nov', 0, None, None]","[1, 1, 'Mar', 0, None, None]","[1, 1, 'Nov', 0, None, None]","[1, 1, 'Dec', 0, None, None]","[1, 1, 'Feb', 0, None, None]","[1, 1, 'Dec', 0, None, None]","[0, 1, '', 0, None, None]","[0, 1, '', 0, None, None]","[0, 1, '', 0, None, None]","[2, 1, 'Mar', 0, None, None]","[0, 1, '', 0, None, None]","[5, 1, 'Apr', 0, None, None]","[6, 1, 'Mar', 0, None, None]","[7, 1, 'Dec', 0, None, None]","[2, 1, 'Jan', 0, None, None]","[4, 1, 'Mar', 0, None, None]","[0, 1, '', 0, None, None]","[0, 1, '', 0, None, None]","[0, 1, '', 0, None, None]","[0, 1, '', 0, None, None]","[0, 2, '', 0, None, None]","[0, 1, '', 0, None, None]","[0, 1, '', 0, None, None]","[0, 1, '', 0, None, None]","[0, 1, '', 0, None, None]","[0, 1, '', 0, None, None]","[1, 1, 'Nov', 0, None, None]","[1, 1, 'Dec', 0, None, None]","[0, 1, '', 0, None, None]","[0, 1, '', 0, None, None]","[0, 1, '', 0, None, None]","[1, 1, 'Mar', 0, None, None]","[0, 1, '', 0, None, None]","[0, 2, '', 0, None, None]","[0, 1, '', 0, None, None]","[0, 1, '', 0, None, None]","[0, 1, '', 0, None, None]",2020-01-19 18:07:45
Coquet Estuary,nan,nan,nan,nan,nan,nan,nan,nan,nan,nan,nan,nan,nan,nan,nan,nan,nan,nan,nan,nan,nan,nan,nan,nan,nan,nan,nan,nan,nan,nan,nan,nan,nan,nan,nan,nan,nan,nan,nan,nan,nan,nan,nan,nan,nan,nan,"[0, 1, '', 0, None, None]","[0, 1, '', 0, None, None]","[1, 1, 'Dec', 0, None, None]","[3, 1, 'Nov', 0, None, None]","[0, 1, '', 0, None, None]","[0, 1, '', 0, None, None]","[0, 1, '', 0, None, None]","[22, 1, 'Nov', 0, None, None]","[3, 1, 'Mar', 0, None, None]","[6, 1, 'Mar', 0, None, None]","[2, 1, 'Nov', 0, None, None]","[0, 1, '', 0, None, None]","[0, 1, '', 0, None, None]","[0, 1, '', 0, None, None]","[17, 1, 'Dec', 0, None, None]","[11, 1, 'Jan', 0, None, None]","[10, 1, 'Jan', 0, None, None]","[4, 1, 'Jan', 0, None, None]","[4, 1, 'May', 0, None, None]","[1, 1, 'Jan', 0, None, None]","[0, 1, '', 0, None, None]","[7, 2, 'Jan', 0, None, None]","[2, 1, 'Sep', 0, None, None]","[0, 1, '', 0, None, None]","[1, 1, 'Sep', 0, None, None]","[3, 1, 'Mar', 0, None, None]","[6, 1, 'Feb', 0, None, None]","[0, 1, '', 0, None, None]","[1, 1, 'Nov', 0, None, None]","[0, 1, '', 0, None, None]","[0, 1, '', 0, None, None]","[0, 1, '', 0, None, None]","[0, 1, '', 0, None, None]","[0, 1, '', 0, None, None]","[0, 1, '', 0, None, None]","[0, 1, '', 0, None, None]","[0, 1, '', 0, None, None]",2020-01-19 18:07:45
Cresswell to Chevington Burn,nan,nan,nan,nan,nan,nan,nan,nan,nan,nan,nan,nan,nan,nan,nan,nan,nan,nan,nan,nan,nan,nan,nan,nan,nan,nan,nan,nan,nan,nan,nan,nan,nan,nan,nan,nan,nan,nan,nan,nan,nan,nan,nan,nan,nan,nan,nan,"[0, 1, '', 0, None, None]",nan,"[1, 1, 'Nov', 0, None, None]","[6, 1, 'Aug', 0, None, None]","[0, 1, '', 0, None, None]","[0, 1, '', 0, None, None]","[0, 1, '', 0, None, None]","[0, 1, '', 0, None, None]","[0, 1, '', 0, None, None]","[0, 1, '', 0, None, None]","[0, 1, '', 0, None, None]","[0, 1, '', 0, None, None]","[0, 1, '', 0, None, None]","[0, 1, '', 0, None, None]","[2, 1, 'Mar', 0, None, None]","[0, 1, '', 0, None, None]","[0, 1, '', 0, None, None]","[0, 1, '', 0, None, None]","[0, 1, '', 0, None, None]","[1, 1, 'Dec', 0, None, None]","[1, 1, 'Sep', 0, None, None]","[0, 1, '', 0, None, None]","[0, 1, '', 0, None, None]","[0, 1, '', 0, None, None]","[1, 2, 'Feb', 0, None, None]","[2, 2, 'Apr', 0, None, None]","[2, 1, 'Jan', 0, None, None]","[0, 2, '', 0, None, None]","[0, 1, '', 0, None, None]","[2, 2, 'Jan', 0, None, None]","[1, 2, 'Jan', 0, None, None]","[2, 2, 'Jan', 0, None, None]","[0, 2, '', 0, None, None]","[0, 2, '', 0, None, None]","[0, 1, '', 0, None, None]","[0, 2, '', 0, None, None]",2020-01-19 18:07:45
Crouch-Roach Estuary,nan,nan,nan,nan,nan,nan,nan,nan,nan,nan,nan,nan,nan,nan,nan,nan,nan,nan,nan,nan,nan,nan,nan,nan,nan,nan,nan,nan,nan,nan,nan,nan,nan,nan,nan,nan,"[0, 1, '', 0, None, None]","[0, 1, '', 0, None, None]","[0, 1, '', 0, None, None]","[0, 1, '', 0, None, None]","[0, 1, '', 0, None, None]",nan,nan,nan,"[0, 1, '', 0, None, None]","[0, 1, '', 0, None, None]","[0, 1, '', 0, None, None]","[0, 1, '', 0, None, None]","[0, 1, '', 0, None, None]","[0, 1, '', 0, None, None]","[0, 1, '', 0, None, None]","[0, 1, '', 0, None, None]","[1, 1, 'Nov', 0, None, None]","[0, 2, '', 0, None, None]","[0, 2, '', 0, None, None]","[0, 1, '', 0, None, None]","[0, 1, '', 0, None, None]","[0, 2, '', 0, None, None]","[0, 2, '', 0, None, None]","[0, 1, '', 0, None, None]","[0, 1, '', 0, None, None]","[0, 2, '', 0, None, None]","[0, 2, '', 0, None, None]","[0, 1, '', 0, None, None]","[0, 1, '', 0, None, None]","[0, 1, '', 0, None, None]","[0, 1, '', 0, None, None]","[0, 1, '', 0, None, None]","[0, 1, '', 0, None, None]","[0, 1, '', 0, None, None]","[0, 1, '', 0, None, None]","[0, 1, '', 0, None, None]","[0, 1, '', 0, None, None]","[0, 1, '', 0, None, None]","[0, 1, '', 0, None, None]","[0, 1, '', 0, None, None]","[0, 1, '', 0, None, None]","[0, 1, '', 0, None, None]","[0, 1, '', 0, None, None]","[0, 1, '', 0, None, None]","[0, 1, '', 0, None, None]","[1, 1, 'Nov', 0, None, None]","[0, 1, '', 0, None, None]",2020-01-19 18:07:45
Cuckmere Estuary,nan,nan,nan,nan,nan,nan,nan,nan,nan,nan,nan,nan,nan,nan,nan,nan,nan,nan,nan,nan,nan,nan,nan,nan,nan,nan,nan,nan,nan,nan,nan,nan,nan,nan,nan,nan,nan,nan,nan,nan,nan,nan,nan,nan,nan,"[0, 1, '', 0, None, None]","[0, 1, '', 0, None, None]","[0, 1, '', 0, None, None]","[0, 1, '', 0, None, None]","[0, 1, '', 0, None, None]","[0, 1, '', 0, None, None]","[0, 1, '', 0, None, None]","[0, 1, '', 0, None, None]","[0, 1, '', 0, None, None]","[0, 1, '', 0, None, None]","[0, 1, '', 0, None, None]","[0, 1, '', 0, None, None]","[0, 1, '', 0, None, None]","[0, 1, '', 0, None, None]","[0, 1, '', 0, None, None]","[0, 1, '', 0, None, None]","[0, 1, '', 0, None, None]","[0, 1, '', 0, None, None]","[0, 1, '', 0, None, None]","[0, 1, '', 0, None, None]","[0, 1, '', 0, None, None]","[0, 1, '', 0, None, None]","[0, 1, '', 0, None, None]","[0, 1, '', 0, None, None]","[0, 1, '', 0, None, None]","[0, 1, '', 0, None, None]","[0, 1, '', 0, None, None]","[0, 1, '', 0, None, None]","[0, 1, '', 0, None, None]","[0, 1, '', 0, None, None]","[0, 1, '', 0, None, None]","[0, 1, '', 0, None, None]","[0, 1, '', 0, None, None]","[0, 1, '', 0, None, None]","[0, 1, '', 0, None, None]","[0, 2, '', 0, None, None]","[0, 1, '', 0, None, None]","[0, 1, '', 0, None, None]",2020-01-19 18:07:45
Darwell Reservoir,nan,nan,nan,nan,nan,nan,nan,nan,nan,nan,nan,nan,nan,nan,nan,nan,nan,nan,nan,nan,nan,nan,nan,nan,nan,nan,nan,nan,nan,nan,nan,nan,nan,nan,nan,nan,nan,nan,nan,nan,nan,nan,nan,nan,nan,nan,nan,nan,nan,nan,nan,nan,nan,nan,nan,nan,"[0, 1, '', 0, None, None]","[0, 1, '', 0, None, None]","[0, 1, '', 0, None, None]","[0, 1, '', 0, None, None]","[1, 1, 'Sep', 0, None, None]","[0, 1, '', 0, None, None]","[0, 1, '', 0, None, None]","[0, 1, '', 0, None, None]","[0, 1, '', 0, None, None]","[0, 1, '', 0, None, None]","[0, 1, '', 0, None, None]","[0, 1, '', 0, None, None]","[0, 1, '', 0, None, None]","[0, 1, '', 0, None, None]","[0, 1, '', 0, None, None]","[0, 1, '', 0, None, None]","[0, 1, '', 0, None, None]","[0, 1, '', 0, None, None]",nan,"[0, 1, '', 0, None, None]","[0, 1, '', 0, None, None]","[0, 1, '', 0, None, None]","[0, 1, '', 0, None, None]","[0, 2, '', 0, None, None]","[0, 1, '', 0, None, None]",nan,"[0, 2, '', 0, None, None]",2020-01-19 18:07:45
Dearne Valley,nan,nan,nan,nan,nan,nan,nan,nan,nan,nan,nan,nan,nan,nan,nan,nan,nan,nan,nan,nan,nan,nan,nan,nan,nan,nan,nan,nan,nan,nan,nan,nan,nan,nan,nan,nan,nan,nan,nan,nan,nan,nan,nan,nan,nan,nan,nan,nan,nan,nan,nan,nan,nan,nan,nan,nan,nan,nan,nan,nan,nan,nan,nan,nan,nan,nan,nan,nan,nan,nan,nan,nan,nan,nan,nan,nan,"[0, 1, '', 0, None, None]","[0, 1, '', 0, None, None]","[0, 1, '', 0, None, None]","[0, 1, '', 0, None, None]","[0, 1, '', 0, None, None]","[0, 1, '', 0, None, None]","[0, 1, '', 0, None, None]",2020-01-19 18:07:45
Deben Estuary,nan,nan,nan,nan,nan,nan,nan,nan,nan,nan,nan,nan,nan,nan,nan,nan,nan,nan,nan,nan,nan,nan,nan,nan,nan,nan,nan,nan,nan,nan,nan,nan,nan,nan,nan,"[0, 1, '', 0, None, None]","[0, 1, '', 0, None, None]","[0, 2, '', 0, None, None]","[0, 2, '', 0, None, None]","[0, 2, '', 0, None, None]","[0, 1, '', 0, None, None]","[0, 2, '', 0, None, None]","[0, 1, '', 0, None, None]","[0, 1, '', 0, None, None]","[0, 1, '', 0, None, None]","[0, 2, '', 0, None, None]","[0, 2, '', 0, None, None]","[0, 1, '', 0, None, None]","[0, 1, '', 0, None, None]","[0, 1, '', 0, None, None]","[0, 1, '', 0, None, None]","[1, 1, 'Jan', 0, None, None]","[0, 2, '', 0, None, None]","[0, 1, '', 0, None, None]","[0, 2, '', 0, None, None]","[0, 1, '', 0, None, None]","[1, 1, 'Nov', 0, None, None]","[0, 1, '', 0, None, None]","[0, 1, '', 0, None, None]","[0, 1, '', 0, None, None]","[0, 1, '', 0, None, None]","[0, 1, '', 0, None, None]","[0, 1, '', 0, None, None]","[0, 1, '', 0, None, None]","[0, 1, '', 0, None, None]","[0, 1, '', 0, None, None]","[0, 1, '', 0, None, None]","[2, 1, 'Jan', 0, None, None]","[0, 2, '', 0, None, None]","[0, 1, '', 0, None, None]","[0, 1, '', 0, None, None]","[0, 1, '', 0, None, None]","[0, 1, '', 0, None, None]","[0, 1, '', 0, None, None]","[0, 1, '', 0, None, None]","[0, 1, '', 0, None, None]","[0, 1, '', 0, None, None]","[0, 1, '', 0, None, None]","[0, 1, '', 0, None, None]","[0, 1, '', 0, None, None]","[0, 1, '', 0, None, None]","[0, 1, '', 0, None, None]","[0, 1, '', 0, None, None]",2020-01-19 18:07:45
Dee Estuary (Welsh counties),nan,nan,nan,nan,nan,nan,nan,nan,nan,nan,nan,nan,nan,nan,nan,nan,nan,nan,nan,nan,nan,nan,nan,nan,nan,nan,nan,nan,nan,nan,nan,nan,nan,nan,nan,nan,nan,nan,nan,nan,nan,nan,nan,nan,nan,nan,nan,nan,nan,nan,nan,nan,nan,nan,nan,nan,nan,nan,"[0, 2, '', 0, None, None]","[0, 1, '', 0, None, None]","[0, 1, '', 0, None, None]","[0, 1, '', 0, None, None]","[0, 1, '', 0, None, None]","[0, 1, '', 0, None, None]","[0, 1, '', 0, None, None]","[0, 1, '', 0, None, None]","[0, 1, '', 0, None, None]","[0, 1, '', 0, None, None]","[0, 1, '', 0, None, None]","[0, 1, '', 0, None, None]","[0, 1, '', 0, None, None]","[0, 1, '', 0, None, None]","[1, 1, 'Sep', 0, None, None]","[0, 1, '', 0, None, None]","[0, 1, '', 0, None, None]","[0, 1, '', 0, None, None]","[0, 1, '', 0, None, None]","[0, 1, '', 0, None, None]","[0, 1, '', 0, None, None]","[0, 1, '', 0, None, None]","[0, 1, '', 0, None, None]","[0, 1, '', 0, None, None]","[0, 1, '', 0, None, None]",2020-01-19 18:07:45
Dengie Flats,nan,nan,nan,nan,nan,nan,nan,nan,nan,nan,nan,nan,nan,nan,nan,nan,nan,nan,nan,nan,nan,nan,nan,nan,nan,nan,nan,nan,nan,nan,nan,nan,nan,nan,nan,nan,"[0, 1, '', 0, None, None]","[0, 1, '', 0, None, None]","[0, 1, '', 0, None, None]","[0, 2, '', 0, None, None]","[0, 2, '', 0, None, None]","[1, 1, 'Oct', 0, None, None]","[0, 1, '', 0, None, None]","[0, 1, '', 0, None, None]","[1, 2, 'Oct', 0, None, None]","[0, 1, '', 0, None, None]","[1, 1, 'Jan', 0, None, None]","[0, 2, '', 0, None, None]","[0, 1, '', 0, None, None]","[1, 2, 'Dec', 0, None, None]","[0, 2, '', 0, None, None]","[1, 1, 'Sep', 0, None, None]","[0, 2, '', 0, None, None]","[0, 2, '', 0, None, None]","[0, 1, '', 0, None, None]","[0, 1, '', 0, None, None]","[1, 1, 'Dec', 0, None, None]","[1, 2, 'Jul', 0, None, None]","[0, 1, '', 0, None, None]","[0, 1, '', 0, None, None]","[0, 1, '', 0, None, None]","[0, 1, '', 0, None, None]","[1, 1, 'Feb', 0, None, None]","[0, 1, '', 0, None, None]","[0, 1, '', 0, None, None]","[0, 1, '', 0, None, None]","[0, 1, '', 0, None, None]","[0, 1, '', 0, None, None]","[0, 1, '', 0, None, None]","[0, 1, '', 0, None, None]","[0, 2, '', 0, None, None]","[0, 1, '', 0, None, None]","[0, 1, '', 0, None, None]","[1, 1, 'Jan', 0, None, None]","[0, 1, '', 0, None, None]","[0, 1, '', 0, None, None]","[0, 1, '', 0, None, None]","[0, 1, '', 0, None, None]","[0, 1, '', 0, None, None]","[0, 1, '', 0, None, None]","[0, 2, '', 0, None, None]","[0, 1, '', 0, None, None]","[0, 2, '', 0, None, None]",2020-01-19 18:07:45
Don Estuary,nan,nan,nan,nan,nan,nan,nan,nan,nan,nan,nan,nan,nan,nan,nan,nan,nan,nan,nan,nan,nan,nan,nan,nan,nan,nan,nan,nan,nan,nan,nan,nan,nan,nan,nan,"[0, 1, '', 0, None, None]","[0, 1, '', 0, None, None]","[0, 1, '', 0, None, None]",nan,nan,nan,nan,"[0, 1, '', 0, None, None]",nan,nan,nan,nan,"[0, 1, '', 0, None, None]","[0, 1, '', 0, None, None]","[0, 1, '', 0, None, None]",nan,"[0, 1, '', 0, None, None]","[0, 1, '', 0, None, None]","[0, 1, '', 0, None, None]","[0, 1, '', 0, None, None]","[0, 1, '', 0, None, None]","[0, 1, '', 0, None, None]","[0, 1, '', 0, None, None]","[0, 1, '', 0, None, None]","[0, 1, '', 0, None, None]","[0, 1, '', 0, None, None]","[0, 1, '', 0, None, None]","[0, 1, '', 0, None, None]","[0, 1, '', 0, None, None]","[0, 1, '', 0, None, None]","[0, 1, '', 0, None, None]","[0, 1, '', 0, None, None]","[0, 1, '', 0, None, None]","[0, 1, '', 0, None, None]","[0, 1, '', 0, None, None]","[8, 1, 'Oct', 0, None, None]","[5, 1, 'Jan', 0, None, None]","[4, 1, 'Jan', 0, None, None]","[1, 1, 'Feb', 0, None, None]","[15, 1, 'Nov', 0, None, None]","[0, 1, '', 0, None, None]","[0, 1, '', 0, None, None]","[9, 1, 'Dec', 0, None, None]","[0, 1, '', 0, None, None]","[0, 1, '', 0, None, None]","[0, 1, '', 0, None, None]","[0, 1, '', 0, None, None]","[0, 1, '', 0, None, None]",2020-01-19 18:07:45
Dungeness and Rye Bay,nan,nan,nan,nan,nan,nan,nan,nan,nan,nan,nan,nan,nan,nan,nan,nan,nan,nan,nan,nan,nan,nan,nan,nan,nan,nan,nan,nan,nan,nan,nan,nan,nan,nan,nan,nan,nan,nan,nan,"[0, 1, '', 0, None, None]",nan,"[0, 1, '', 0, None, None]",nan,nan,"[0, 1, '', 0, None, None]",nan,nan,"[0, 1, '', 0, None, None]","[0, 1, '', 0, None, None]","[2, 1, 'Oct', 0, None, None]","[0, 1, '', 0, None, None]","[0, 1, '', 0, None, None]","[0, 1, '', 0, None, None]","[0, 1, '', 0, None, None]","[0, 1, '', 0, None, None]","[0, 1, '', 0, None, None]","[0, 1, '', 0, None, None]","[0, 1, '', 0, None, None]","[0, 1, '', 0, None, None]","[0, 1, '', 0, None, None]","[0, 1, '', 0, None, None]","[1, 1, 'Feb', 0, None, None]","[0, 1, '', 0, None, None]","[1, 1, 'Jan', 0, None, None]","[0, 1, '', 0, None, None]","[0, 1, '', 0, None, None]","[0, 1, '', 0, None, None]","[0, 1, '', 0, None, None]","[0, 1, '', 0, None, None]","[0, 1, '', 0, None, None]","[0, 1, '', 0, None, None]","[0, 1, '', 0, None, None]","[1, 1, 'Nov', 0, None, None]","[0, 1, '', 0, None, None]","[0, 1, '', 0, None, None]","[0, 1, '', 0, None, None]","[0, 1, '', 0, None, None]","[0, 1, '', 0, None, None]","[0, 1, '', 0, None, None]","[1, 1, 'Nov', 0, None, None]","[0, 1, '', 0, None, None]","[0, 1, '', 0, None, None]","[0, 1, '', 0, None, None]",2020-01-19 18:07:45
Durkar Sand Quarry,nan,nan,nan,nan,nan,nan,nan,nan,nan,nan,nan,nan,nan,nan,nan,nan,nan,nan,nan,nan,nan,nan,nan,nan,nan,nan,nan,nan,nan,nan,nan,nan,nan,nan,nan,nan,nan,nan,nan,nan,nan,nan,nan,nan,nan,nan,nan,nan,nan,nan,nan,nan,nan,nan,nan,nan,nan,nan,nan,nan,nan,nan,"[0, 1, '', 0, None, None]","[0, 1, '', 0, None, None]","[0, 1, '', 0, None, None]","[0, 1, '', 0, None, None]","[0, 1, '', 0, None, None]","[0, 1, '', 0, None, None]","[0, 1, '', 0, None, None]","[0, 1, '', 0, None, None]","[0, 1, '', 0, None, None]","[0, 1, '', 0, None, None]","[0, 1, '', 0, None, None]","[0, 1, '', 0, None, None]","[0, 1, '', 0, None, None]","[0, 1, '', 0, None, None]","[0, 1, '', 0, None, None]","[0, 1, '', 0, None, None]","[1, 1, 'Aug', 0, None, None]","[0, 1, '', 0, None, None]","[0, 1, '', 0, None, None]","[0, 1, '', 0, None, None]","[0, 1, '', 0, None, None]",2020-01-19 18:07:45
Dyfi Estuary,nan,nan,nan,nan,nan,nan,nan,nan,nan,nan,nan,nan,nan,nan,nan,nan,nan,nan,nan,nan,nan,nan,nan,nan,nan,nan,nan,nan,nan,nan,nan,nan,nan,nan,nan,"[0, 1, '', 0, None, None]","[0, 1, '', 0, None, None]","[0, 1, '', 0, None, None]","[0, 1, '', 0, None, None]","[0, 1, '', 0, None, None]","[0, 1, '', 0, None, None]","[0, 1, '', 0, None, None]","[0, 1, '', 0, None, None]",nan,nan,nan,nan,nan,nan,"[0, 1, '', 0, None, None]","[0, 1, '', 0, None, None]","[0, 1, '', 0, None, None]","[0, 1, '', 0, None, None]","[0, 1, '', 0, None, None]","[1, 1, 'Jun', 0, None, None]","[0, 1, '', 0, None, None]","[0, 1, '', 0, None, None]","[0, 1, '', 0, None, None]","[0, 2, '', 0, None, None]","[0, 1, '', 0, None, None]","[0, 1, '', 0, None, None]","[0, 1, '', 0, None, None]","[0, 1, '', 0, None, None]","[0, 1, '', 0, None, None]","[0, 1, '', 0, None, None]","[0, 1, '', 0, None, None]","[0, 1, '', 0, None, None]","[0, 1, '', 0, None, None]","[0, 1, '', 0, None, None]","[0, 1, '', 0, None, None]","[0, 1, '', 0, None, None]","[0, 1, '', 0, None, None]","[0, 1, '', 0, None, None]","[0, 1, '', 0, None, None]","[0, 1, '', 0, None, None]","[0, 1, '', 0, None, None]","[0, 1, '', 0, None, None]","[0, 1, '', 0, None, None]","[0, 1, '', 0, None, None]","[0, 1, '', 0, None, None]","[0, 1, '', 0, None, None]","[0, 1, '', 0, None, None]","[0, 1, '', 0, None, None]",2020-01-19 18:07:45
Dysynni Estuary,nan,nan,nan,nan,nan,nan,nan,nan,nan,nan,nan,nan,nan,nan,nan,nan,nan,nan,nan,nan,nan,nan,nan,nan,nan,nan,nan,nan,nan,nan,nan,nan,nan,nan,nan,nan,nan,nan,nan,nan,nan,nan,nan,nan,nan,nan,nan,"[0, 2, '', 0, None, None]",nan,"[0, 1, '', 0, None, None]","[2, 1, 'Nov', 0, None, None]","[0, 1, '', 0, None, None]","[0, 1, '', 0, None, None]","[0, 1, '', 0, None, None]","[0, 1, '', 0, None, None]","[0, 1, '', 0, None, None]","[0, 1, '', 0, None, None]","[0, 1, '', 0, None, None]","[0, 1, '', 0, None, None]","[0, 2, '', 0, None, None]","[1, 1, 'Dec', 0, None, None]","[0, 1, '', 0, None, None]","[1, 2, 'Jan', 0, None, None]","[0, 1, '', 0, None, None]","[0, 1, '', 0, None, None]","[0, 1, '', 0, None, None]",nan,"[3, 1, 'Nov', 0, None, None]","[0, 1, '', 0, None, None]","[1, 1, 'Dec', 0, None, None]","[0, 1, '', 0, None, None]","[0, 1, '', 0, None, None]",nan,"[2, 1, 'Nov', 0, None, None]","[6, 1, 'Jan', 0, None, None]","[2, 1, 'Dec', 0, None, None]","[0, 1, '', 0, None, None]","[3, 1, 'Jan', 0, None, None]","[0, 2, '', 0, None, None]","[0, 1, '', 0, None, None]","[1, 1, 'Jan', 0, None, None]","[0, 1, '', 0, None, None]","[0, 1, '', 0, None, None]",2020-01-19 18:07:45
Eden Estuary,nan,nan,nan,nan,nan,nan,nan,nan,nan,nan,nan,nan,nan,nan,nan,nan,nan,nan,nan,nan,nan,nan,nan,nan,nan,nan,nan,nan,nan,nan,nan,nan,nan,nan,nan,"[0, 1, '', 0, None, None]","[112, 1, 'Feb', 0, None, None]","[0, 2, '', 0, None, None]","[0, 2, '', 0, None, None]","[0, 2, '', 0, None, None]","[0, 2, '', 0, None, None]","[0, 1, '', 0, None, None]","[0, 1, '', 0, None, None]","[0, 2, '', 0, None, None]","[0, 1, '', 0, None, None]","[0, 1, '', 0, None, None]",nan,"[0, 1, '', 0, None, None]","[0, 1, '', 0, None, None]","[0, 1, '', 0, None, None]","[0, 1, '', 0, None, None]","[0, 1, '', 0, None, None]","[0, 1, '', 0, None, None]","[0, 1, '', 0, None, None]","[0, 1, '', 0, None, None]","[0, 1, '', 0, None, None]","[0, 1, '', 0, None, None]","[0, 1, '', 0, None, None]","[0, 1, '', 0, None, None]","[0, 2, '', 0, None, None]","[0, 1, '', 0, None, None]","[0, 1, '', 0, None, None]","[0, 1, '', 0, None, None]","[0, 1, '', 0, None, None]","[0, 1, '', 0, None, None]","[0, 1, '', 0, None, None]","[0, 2, '', 0, None, None]","[0, 1, '', 0, None, None]","[0, 1, '', 0, None, None]","[0, 1, '', 0, None, None]","[0, 1, '', 0, None, None]","[0, 1, '', 0, None, None]","[0, 1, '', 0, None, None]","[0, 1, '', 0, None, None]","[0, 1, '', 0, None, None]","[0, 2, '', 0, None, None]","[0, 1, '', 0, None, None]","[0, 1, '', 0, None, None]","[0, 1, '', 0, None, None]","[0, 1, '', 0, None, None]","[0, 1, '', 0, None, None]","[0, 1, '', 0, None, None]","[0, 1, '', 0, None, None]",2020-01-19 18:07:45
Exe Estuary,nan,nan,nan,nan,nan,nan,nan,nan,nan,nan,nan,nan,nan,nan,nan,nan,nan,nan,nan,nan,nan,nan,nan,nan,nan,nan,nan,nan,nan,nan,nan,nan,nan,nan,nan,nan,"[17, 2, 'Dec', 0, None, None]","[0, 2, '', 0, None, None]","[0, 1, '', 0, None, None]","[0, 1, '', 0, None, None]","[0, 1, '', 0, None, None]","[0, 1, '', 0, None, None]","[0, 1, '', 0, None, None]","[0, 1, '', 0, None, None]","[0, 1, '', 0, None, None]","[0, 1, '', 0, None, None]","[0, 2, '', 0, None, None]","[0, 2, '', 0, None, None]","[0, 2, '', 0, None, None]","[0, 1, '', 0, None, None]","[1, 1, 'May', 0, None, None]","[0, 1, '', 0, None, None]","[0, 1, '', 0, None, None]","[0, 2, '', 0, None, None]","[0, 2, '', 0, None, None]","[0, 2, '', 0, None, None]","[0, 1, '', 0, None, None]","[0, 1, '', 0, None, None]","[0, 2, '', 0, None, None]","[0, 1, '', 0, None, None]","[0, 1, '', 0, None, None]","[0, 1, '', 0, None, None]","[0, 1, '', 0, None, None]","[0, 1, '', 0, None, None]","[0, 1, '', 0, None, None]","[0, 1, '', 0, None, None]","[0, 1, '', 0, None, None]","[0, 1, '', 0, None, None]","[0, 1, '', 0, None, None]","[0, 1, '', 0, None, None]","[0, 1, '', 0, None, None]","[0, 1, '', 0, None, None]","[0, 1, '', 0, None, None]","[0, 1, '', 0, None, None]","[0, 1, '', 0, None, None]","[0, 1, '', 0, None, None]","[0, 1, '', 0, None, None]","[0, 1, '', 0, None, None]","[0, 1, '', 0, None, None]","[0, 1, '', 0, None, None]","[0, 1, '', 0, None, None]","[0, 1, '', 0, None, None]","[0, 1, '', 0, None, None]",2020-01-19 18:07:45
Fleet and Wey,nan,nan,nan,nan,nan,nan,nan,nan,nan,nan,nan,nan,nan,nan,nan,nan,nan,nan,nan,nan,nan,nan,nan,nan,nan,nan,nan,nan,nan,nan,nan,nan,nan,nan,nan,"[0, 2, '', 0, None, None]","[0, 1, '', 0, None, None]",nan,"[0, 1, '', 0, None, None]","[0, 1, '', 0, None, None]","[0, 1, '', 0, None, None]","[0, 1, '', 0, None, None]",nan,"[0, 2, '', 0, None, None]",nan,nan,"[0, 1, '', 0, None, None]",nan,nan,nan,nan,nan,"[0, 1, '', 0, None, None]","[0, 1, '', 0, None, None]","[0, 1, '', 0, None, None]","[0, 1, '', 0, None, None]","[0, 1, '', 0, None, None]","[0, 1, '', 0, None, None]","[0, 1, '', 0, None, None]","[0, 1, '', 0, None, None]","[0, 1, '', 0, None, None]","[0, 1, '', 0, None, None]","[2, 1, 'Aug', 0, None, None]","[3, 1, 'Jul', 0, None, None]","[0, 1, '', 0, None, None]","[0, 1, '', 0, None, None]","[0, 2, '', 0, None, None]","[0, 1, '', 0, None, None]","[0, 1, '', 0, None, None]","[0, 1, '', 0, None, None]","[0, 1, '', 0, None, None]","[0, 1, '', 0, None, None]","[0, 1, '', 0, None, None]","[0, 1, '', 0, None, None]","[0, 1, '', 0, None, None]","[0, 1, '', 0, None, None]","[0, 1, '', 0, None, None]","[0, 1, '', 0, None, None]","[0, 1, '', 0, None, None]","[0, 1, '', 0, None, None]","[0, 1, '', 0, None, None]","[0, 1, '', 0, None, None]","[0, 1, '', 0, None, None]",2020-01-19 18:07:45
Garlieston Bay,nan,nan,nan,nan,nan,nan,nan,nan,nan,nan,nan,nan,nan,nan,nan,nan,nan,nan,nan,nan,nan,nan,nan,nan,nan,nan,nan,nan,nan,nan,nan,nan,nan,nan,nan,nan,nan,nan,nan,nan,nan,nan,nan,nan,nan,nan,nan,nan,nan,nan,nan,nan,nan,nan,nan,nan,nan,nan,nan,nan,"[0, 1, '', 0, None, None]",nan,nan,nan,nan,nan,nan,nan,nan,nan,nan,nan,nan,"[0, 1, '', 0, None, None]","[0, 1, '', 0, None, None]",nan,"[0, 1, '', 0, None, None]",nan,nan,nan,nan,"[0, 1, '', 0, None, None]",nan,2020-01-19 18:07:45
Garths Loch Scatness,nan,nan,nan,nan,nan,nan,nan,nan,nan,nan,nan,nan,nan,nan,nan,nan,nan,nan,nan,nan,nan,nan,nan,nan,nan,nan,nan,nan,nan,nan,nan,nan,nan,nan,nan,nan,nan,nan,nan,nan,nan,nan,nan,nan,nan,nan,nan,nan,nan,nan,nan,nan,nan,nan,nan,nan,"[0, 1, '', 0, None, None]","[0, 1, '', 0, None, None]","[0, 1, '', 0, None, None]","[0, 1, '', 0, None, None]","[0, 1, '', 0, None, None]",nan,nan,nan,"[0, 1, '', 0, None, None]","[1, 1, 'Nov', 0, None, None]","[0, 1, '', 0, None, None]","[0, 1, '', 0, None, None]","[0, 1, '', 0, None, None]","[0, 1, '', 0, None, None]","[0, 1, '', 0, None, None]","[0, 1, '', 0, None, None]","[5, 1, 'Dec', 0, None, None]","[1, 1, 'Feb', 0, None, None]","[0, 1, '', 0, None, None]","[0, 1, '', 0, None, None]","[1, 1, 'Oct', 0, None, None]","[0, 1, '', 0, None, None]","[0, 1, '', 0, None, None]","[0, 1, '', 0, None, None]","[0, 1, '', 0, None, None]","[0, 1, '', 0, None, None]","[0, 1, '', 0, None, None]",2020-01-19 18:07:45
Girvan Harbour,nan,nan,nan,nan,nan,nan,nan,nan,nan,nan,nan,nan,nan,nan,nan,nan,nan,nan,nan,nan,nan,nan,nan,nan,nan,nan,nan,nan,nan,nan,nan,nan,nan,nan,nan,nan,nan,nan,nan,nan,nan,nan,nan,nan,nan,nan,nan,nan,nan,nan,nan,nan,nan,nan,nan,nan,nan,nan,nan,nan,nan,"[0, 1, '', 0, None, None]","[8, 1, 'Dec', 0, None, None]",nan,nan,"[10, 1, 'Nov', 0, None, None]","[3, 2, 'Mar', 0, None, None]","[3, 1, 'Mar', 0, None, None]",nan,nan,"[0, 1, '', 0, None, None]","[0, 1, '', 0, None, None]","[0, 1, '', 0, None, None]","[0, 1, '', 0, None, None]","[0, 1, '', 0, None, None]","[2, 1, 'Dec', 0, None, None]","[0, 1, '', 0, None, None]","[0, 1, '', 0, None, None]","[0, 2, '', 0, None, None]","[0, 1, '', 0, None, None]","[0, 1, '', 0, None, None]","[0, 1, '', 0, None, None]","[0, 1, '', 0, None, None]",2020-01-19 18:07:45
Glyne Gap,nan,nan,nan,nan,nan,nan,nan,nan,nan,nan,nan,nan,nan,nan,nan,nan,nan,nan,nan,nan,nan,nan,nan,nan,nan,nan,nan,nan,nan,nan,nan,nan,nan,nan,nan,nan,nan,nan,nan,nan,nan,nan,nan,nan,nan,nan,nan,nan,nan,"[38, 1, 'Mar', 0, None, None]",nan,"[37, 1, 'Mar', 0, None, None]","[0, 1, '', 0, None, None]","[35, 1, 'Jan', 0, None, None]","[26, 1, 'Feb', 0, None, None]","[30, 1, 'Mar', 0, None, None]","[22, 1, 'Dec', 0, None, None]","[17, 1, 'Jan', 0, None, None]","[13, 1, 'Mar', 0, None, None]","[12, 1, 'Dec', 0, None, None]","[6, 1, 'Dec', 0, None, None]","[7, 1, 'Jan', 0, None, None]","[6, 1, 'Nov', 0, None, None]","[5, 1, 'Jan', 0, None, None]","[4, 1, 'Mar', 0, None, None]","[4, 1, 'Nov', 0, None, None]","[3, 1, 'Jan', 0, None, None]","[4, 1, 'Jan', 0, None, None]","[3, 1, 'Dec', 0, None, None]","[4, 1, 'Dec', 0, None, None]","[3, 2, 'Mar', 0, None, None]","[6, 2, 'Feb', 0, None, None]","[4, 2, 'Jan', 0, None, None]","[2, 2, 'Jan', 0, None, None]","[1, 1, 'Jan', 0, None, None]","[1, 2, 'Mar', 0, None, None]","[0, 2, '', 0, None, None]","[0, 2, '', 0, None, None]","[0, 2, '', 0, None, None]","[0, 2, '', 0, None, None]","[0, 2, '', 0, None, None]",nan,"[0, 1, '', 0, None, None]",2020-01-19 18:07:45
Goring,nan,nan,nan,nan,nan,nan,nan,nan,nan,nan,nan,nan,nan,nan,nan,nan,nan,nan,nan,nan,nan,nan,nan,nan,nan,nan,nan,nan,nan,nan,nan,nan,nan,nan,nan,nan,nan,nan,nan,nan,nan,nan,nan,nan,nan,"[5, 1, 'Feb', 0, None, None]","[0, 1, '', 0, None, None]","[0, 2, '', 0, None, None]","[0, 1, '', 0, None, None]","[0, 1, '', 0, None, None]","[0, 1, '', 0, None, None]",nan,nan,nan,nan,"[0, 1, '', 0, None, None]","[0, 1, '', 0, None, None]","[0, 1, '', 0, None, None]","[0, 1, '', 0, None, None]","[0, 1, '', 0, None, None]","[0, 1, '', 0, None, None]","[0, 1, '', 0, None, None]","[0, 1, '', 0, None, None]","[0, 1, '', 0, None, None]","[0, 2, '', 0, None, None]","[0, 1, '', 0, None, None]","[0, 1, '', 0, None, None]","[0, 1, '', 0, None, None]","[0, 1, '', 0, None, None]","[0, 2, '', 0, None, None]",nan,nan,nan,nan,nan,nan,"[0, 1, '', 0, None, None]","[0, 1, '', 0, None, None]","[0, 1, '', 0, None, None]","[0, 1, '', 0, None, None]","[0, 1, '', 0, None, None]","[0, 1, '', 0, None, None]","[0, 1, '', 0, None, None]",2020-01-19 18:07:45
Graig Ddu,nan,nan,nan,nan,nan,nan,nan,nan,nan,nan,nan,nan,nan,nan,nan,nan,nan,nan,nan,nan,nan,nan,nan,nan,nan,nan,nan,nan,nan,nan,nan,nan,nan,nan,nan,nan,nan,nan,nan,nan,nan,nan,nan,nan,nan,nan,nan,nan,nan,nan,nan,nan,nan,nan,nan,nan,nan,nan,"[0, 1, '', 0, None, None]","[5, 1, 'Jan', 0, None, None]","[0, 2, '', 0, None, None]","[0, 2, '', 0, None, None]","[0, 2, '', 0, None, None]",nan,nan,nan,nan,nan,nan,nan,nan,nan,nan,nan,nan,nan,nan,nan,nan,"[0, 1, '', 0, None, None]",nan,nan,nan,2020-01-19 18:07:45
Gruinard Bay,nan,nan,nan,nan,nan,nan,nan,nan,nan,nan,nan,nan,nan,nan,nan,nan,nan,nan,nan,nan,nan,nan,nan,nan,nan,nan,nan,nan,nan,nan,nan,nan,nan,nan,nan,nan,nan,nan,nan,nan,nan,nan,nan,nan,nan,nan,nan,nan,nan,nan,nan,nan,nan,nan,nan,nan,nan,nan,nan,"[0, 1, '', 0, None, None]",nan,nan,nan,nan,nan,"[0, 2, '', 0, None, None]",nan,nan,nan,"[0, 1, '', 0, None, None]","[0, 1, '', 0, None, None]","[2, 1, 'Feb', 0, None, None]","[6, 1, 'Feb', 0, None, None]","[0, 1, '', 0, None, None]","[0, 1, '', 0, None, None]","[0, 1, '', 0, None, None]","[0, 2, '', 0, None, None]","[0, 1, '', 0, None, None]","[0, 1, '', 0, None, None]","[0, 1, '', 0, None, None]","[0, 1, '', 0, None, None]","[0, 1, '', 0, None, None]","[0, 1, '', 0, None, None]",2020-01-19 18:07:45
Guernsey Shore,nan,nan,nan,nan,nan,nan,nan,nan,nan,nan,nan,nan,nan,nan,nan,nan,nan,nan,nan,nan,nan,nan,nan,nan,nan,nan,nan,nan,nan,nan,nan,nan,nan,nan,nan,nan,nan,nan,nan,nan,nan,nan,nan,"[30, 1, 'May', 0, None, None]","[53, 1, 'Feb', 0, None, None]","[53, 1, 'Nov', 0, None, None]","[32, 1, 'Feb', 0, None, None]","[14, 1, 'Dec', 0, None, None]","[0, 1, '', 0, None, None]","[0, 1, '', 0, None, None]","[0, 1, '', 0, None, None]","[0, 1, '', 0, None, None]","[0, 1, '', 0, None, None]","[0, 1, '', 0, None, None]","[19, 2, 'Jan', 0, None, None]","[22, 1, 'Jan', 0, None, None]","[36, 1, 'Nov', 0, None, None]","[13, 2, 'Mar', 0, None, None]","[14, 1, 'Dec', 0, None, None]","[18, 2, 'Jan', 0, None, None]","[9, 1, 'Apr', 0, None, None]","[21, 1, 'Dec', 0, None, None]","[10, 2, 'Apr', 0, None, None]","[8, 2, 'Dec', 0, None, None]","[3, 1, 'Dec', 0, None, None]","[6, 1, 'Apr', 0, None, None]","[5, 1, 'Nov', 0, None, None]","[7, 1, 'Apr', 0, None, None]","[4, 1, 'Apr', 0, None, None]","[4, 1, 'Mar', 0, None, None]","[2, 1, 'Jan', 0, None, None]","[6, 1, 'Nov', 0, None, None]","[4, 1, 'Jan', 0, None, None]","[1, 1, 'Jan', 0, None, None]","[0, 1, '', 0, None, None]","[1, 1, 'Mar', 0, None, None]","[0, 1, '', 0, None, None]","[0, 1, '', 0, None, None]","[0, 1, '', 0, None, None]","[0, 1, '', 0, None, None]","[0, 1, '', 0, None, None]","[0, 1, '', 0, None, None]","[0, 1, '', 0, None, None]",2020-01-19 18:07:45
Hamford Water,nan,nan,nan,nan,nan,nan,nan,nan,nan,nan,nan,nan,nan,nan,nan,nan,nan,nan,nan,nan,nan,nan,nan,nan,nan,nan,nan,nan,nan,nan,nan,nan,nan,nan,nan,nan,nan,"[1, 1, 'Jan', 0, None, None]","[4, 1, 'Jan', 0, None, None]","[6, 1, 'Apr', 0, None, None]","[16, 1, 'Dec', 0, None, None]","[10, 1, 'Feb', 0, None, None]","[0, 1, '', 0, None, None]","[5, 1, 'Jan', 0, None, None]","[5, 1, 'Nov', 0, None, None]","[1, 1, 'Mar', 0, None, None]","[4, 1, 'Dec', 0, None, None]","[4, 1, 'Jan', 0, None, None]","[3, 1, 'Jan', 0, None, None]","[2, 1, 'Jan', 0, None, None]","[4, 1, 'Mar', 0, None, None]","[3, 1, 'Mar', 0, None, None]","[0, 1, '', 0, None, None]","[0, 1, '', 0, None, None]","[0, 1, '', 0, None, None]","[13, 1, 'Dec', 0, None, None]","[9, 1, 'Mar', 0, None, None]","[17, 1, 'Dec', 0, None, None]","[1, 1, 'Feb', 0, None, None]","[2, 1, 'Nov', 0, None, None]","[2, 1, 'Jan', 0, None, None]","[1, 1, 'Mar', 0, None, None]","[2, 1, 'Nov', 0, None, None]","[7, 1, 'Dec', 0, None, None]","[2, 1, 'Nov', 0, None, None]","[1, 1, 'Feb', 0, None, None]","[0, 1, '', 0, None, None]","[1, 1, 'Oct', 0, None, None]","[1, 1, 'Dec', 0, None, None]","[1, 1, 'Nov', 0, None, None]","[0, 1, '', 0, None, None]","[0, 1, '', 0, None, None]","[3, 1, 'Nov', 0, None, None]","[1, 1, 'Dec', 0, None, None]","[1, 1, 'Oct', 0, None, None]","[1, 1, 'Nov', 0, None, None]","[0, 1, '', 0, None, None]","[0, 1, '', 0, None, None]","[1, 1, 'Jan', 0, None, None]","[0, 1, '', 0, None, None]","[0, 1, '', 0, None, None]","[0, 1, '', 0, None, None]","[1, 1, 'Oct', 0, None, None]",2020-01-19 18:07:45
"Hamna Voe and Galtagarth, Yell",nan,nan,nan,nan,nan,nan,nan,nan,nan,nan,nan,nan,nan,nan,nan,nan,nan,nan,nan,nan,nan,nan,nan,nan,nan,nan,nan,nan,nan,nan,nan,nan,nan,nan,nan,nan,nan,nan,nan,nan,nan,nan,nan,nan,nan,nan,nan,nan,nan,nan,nan,nan,nan,nan,nan,nan,nan,nan,nan,nan,nan,nan,nan,nan,nan,"[0, 1, '', 0, None, None]",nan,nan,nan,"[0, 1, '', 0, None, None]","[0, 1, '', 0, None, None]","[0, 1, '', 0, None, None]","[2, 1, 'Nov', 0, None, None]","[10, 1, 'Jan', 0, None, None]","[4, 1, 'Nov', 0, None, None]","[2, 1, 'Nov', 0, None, None]","[0, 1, '', 0, None, None]","[0, 1, '', 0, None, None]",nan,"[0, 1, '', 0, None, None]",nan,nan,nan,2020-01-19 18:07:45
Hannafore,nan,nan,nan,nan,nan,nan,nan,nan,nan,nan,nan,nan,nan,nan,nan,nan,nan,nan,nan,nan,nan,nan,nan,nan,nan,nan,nan,nan,nan,nan,nan,nan,nan,nan,nan,nan,nan,nan,nan,nan,"[52, 1, 'Feb', 0, None, None]","[16, 1, 'Jan', 0, None, None]","[29, 1, 'Jan', 0, None, None]",nan,nan,nan,nan,nan,nan,nan,nan,nan,nan,nan,nan,nan,nan,nan,nan,nan,nan,nan,nan,nan,nan,nan,nan,nan,nan,nan,nan,nan,nan,nan,nan,nan,"[0, 1, '', 0, None, None]","[0, 1, '', 0, None, None]","[0, 1, '', 0, None, None]","[0, 1, '', 0, None, None]",nan,nan,nan,2020-01-19 18:07:45
Harold's Wick,nan,nan,nan,nan,nan,nan,nan,nan,nan,nan,nan,nan,nan,nan,nan,nan,nan,nan,nan,nan,nan,nan,nan,nan,nan,nan,nan,nan,nan,nan,nan,nan,nan,nan,nan,nan,nan,nan,nan,nan,nan,nan,nan,nan,nan,nan,nan,nan,nan,nan,nan,nan,nan,nan,nan,nan,nan,nan,nan,nan,nan,nan,nan,nan,"[3, 1, 'Dec', 0, None, None]","[1, 1, 'Feb', 0, None, None]","[0, 1, '', 0, None, None]","[6, 1, 'Dec', 0, None, None]","[0, 1, '', 0, None, None]","[0, 1, '', 0, None, None]","[4, 1, 'May', 0, None, None]","[1, 1, 'Mar', 0, None, None]","[0, 1, '', 0, None, None]","[7, 1, 'Jan', 0, None, None]","[0, 1, '', 0, None, None]","[1, 1, 'Nov', 0, None, None]","[5, 1, 'Mar', 0, None, None]","[1, 1, 'Mar', 0, None, None]","[0, 1, '', 0, None, None]","[0, 1, '', 0, None, None]","[0, 1, '', 0, None, None]","[0, 1, '', 0, None, None]",nan,2020-01-19 18:07:45
Harrington Harbour,nan,nan,nan,nan,nan,nan,nan,nan,nan,nan,nan,nan,nan,nan,nan,nan,nan,nan,nan,nan,nan,nan,nan,nan,nan,nan,nan,nan,nan,nan,nan,nan,nan,nan,nan,nan,nan,nan,nan,nan,nan,nan,nan,nan,nan,nan,nan,nan,nan,nan,nan,nan,nan,nan,nan,nan,nan,nan,nan,nan,nan,nan,nan,nan,nan,nan,nan,nan,nan,nan,nan,nan,nan,nan,nan,nan,"[2, 1, 'Dec', 0, None, None]","[3, 1, 'Dec', 0, None, None]","[0, 1, '', 0, None, None]","[0, 1, '', 0, None, None]","[0, 1, '', 0, None, None]","[1, 1, 'Jan', 0, None, None]","[0, 1, '', 0, None, None]",2020-01-19 18:07:45
Harrow Harbour,nan,nan,nan,nan,nan,nan,nan,nan,nan,nan,nan,nan,nan,nan,nan,nan,nan,nan,nan,nan,nan,nan,nan,nan,nan,nan,nan,nan,nan,nan,nan,nan,nan,nan,nan,nan,nan,nan,nan,nan,nan,nan,nan,nan,nan,nan,nan,nan,nan,nan,nan,nan,nan,nan,nan,nan,nan,nan,nan,nan,nan,nan,nan,nan,nan,nan,nan,nan,nan,nan,nan,nan,"[35, 1, 'Feb', 0, None, None]","[0, 2, '', 0, None, None]","[0, 1, '', 0, None, None]","[1, 1, 'Jan', 0, None, None]","[0, 2, '', 0, None, None]","[0, 2, '', 0, None, None]","[0, 1, '', 0, None, None]","[0, 1, '', 0, None, None]","[0, 1, '', 0, None, None]","[0, 1, '', 0, None, None]","[0, 1, '', 0, None, None]",2020-01-19 18:07:45
Hauxley Nature Reserve,nan,nan,nan,nan,nan,nan,nan,nan,nan,nan,nan,nan,nan,nan,nan,nan,nan,nan,nan,nan,nan,nan,nan,nan,nan,nan,nan,nan,nan,nan,nan,nan,nan,nan,nan,nan,nan,nan,nan,nan,nan,nan,nan,nan,nan,nan,nan,nan,nan,nan,nan,nan,nan,nan,nan,nan,"[0, 1, '', 0, None, None]",nan,"[0, 2, '', 0, None, None]","[0, 1, '', 0, None, None]","[0, 1, '', 0, None, None]",nan,nan,nan,nan,"[0, 1, '', 0, None, None]","[3, 1, 'Nov', 0, None, None]","[0, 1, '', 0, None, None]","[1, 1, 'Oct', 0, None, None]","[0, 1, '', 0, None, None]","[0, 1, '', 0, None, None]","[0, 1, '', 0, None, None]","[0, 1, '', 0, None, None]","[0, 1, '', 0, None, None]","[0, 1, '', 0, None, None]","[0, 1, '', 0, None, None]","[0, 1, '', 0, None, None]","[0, 1, '', 0, None, None]","[0, 1, '', 0, None, None]","[0, 1, '', 0, None, None]","[0, 1, '', 0, None, None]","[0, 1, '', 0, None, None]","[0, 1, '', 0, None, None]",2020-01-19 18:07:45
Helford Estuary,nan,nan,nan,nan,nan,nan,nan,nan,nan,nan,nan,nan,nan,nan,nan,nan,nan,nan,nan,nan,nan,nan,nan,nan,nan,nan,nan,nan,nan,nan,nan,nan,nan,nan,nan,nan,nan,nan,nan,"[0, 2, '', 0, None, None]","[0, 1, '', 0, None, None]",nan,nan,nan,nan,nan,nan,nan,nan,nan,nan,"[0, 1, '', 0, None, None]","[0, 1, '', 0, None, None]","[1, 1, 'Nov', 0, None, None]","[1, 1, 'Dec', 0, None, None]","[0, 1, '', 0, None, None]","[0, 2, '', 0, None, None]","[0, 1, '', 0, None, None]","[0, 1, '', 0, None, None]","[0, 1, '', 0, None, None]","[1, 1, 'May', 0, None, None]","[0, 1, '', 0, None, None]","[0, 1, '', 0, None, None]","[0, 2, '', 0, None, None]","[0, 2, '', 0, None, None]","[0, 2, '', 0, None, None]","[0, 1, '', 0, None, None]","[0, 1, '', 0, None, None]","[0, 1, '', 0, None, None]","[0, 1, '', 0, None, None]","[0, 1, '', 0, None, None]","[0, 1, '', 0, None, None]","[0, 1, '', 0, None, None]","[0, 1, '', 0, None, None]",nan,"[0, 1, '', 0, None, None]","[0, 1, '', 0, None, None]","[0, 1, '', 0, None, None]","[0, 1, '', 0, None, None]","[0, 1, '', 0, None, None]","[0, 1, '', 0, None, None]","[0, 1, '', 0, None, None]","[0, 1, '', 0, None, None]",2020-01-19 18:07:45
Holy Loch,nan,nan,nan,nan,nan,nan,nan,nan,nan,nan,nan,nan,nan,nan,nan,nan,nan,nan,nan,nan,nan,nan,nan,nan,nan,nan,nan,nan,nan,nan,nan,nan,nan,nan,nan,nan,nan,nan,nan,nan,nan,nan,nan,nan,nan,nan,nan,nan,nan,"[8, 1, 'Feb', 0, None, None]","[0, 1, '', 0, None, None]",nan,nan,nan,"[0, 2, '', 0, None, None]","[0, 1, '', 0, None, None]","[0, 1, '', 0, None, None]","[0, 2, '', 0, None, None]","[0, 1, '', 0, None, None]","[0, 1, '', 0, None, None]","[0, 1, '', 0, None, None]","[0, 1, '', 0, None, None]","[0, 1, '', 0, None, None]","[0, 1, '', 0, None, None]","[0, 1, '', 0, None, None]",nan,nan,"[0, 1, '', 0, None, None]",nan,nan,nan,nan,"[0, 1, '', 0, None, None]","[0, 1, '', 0, None, None]","[0, 1, '', 0, None, None]","[1, 1, 'Feb', 0, None, None]","[0, 1, '', 0, None, None]","[0, 2, '', 0, None, None]","[0, 1, '', 0, None, None]","[0, 1, '', 0, None, None]","[1, 1, 'Oct', 0, None, None]","[0, 1, '', 0, None, None]","[0, 1, '', 0, None, None]",2020-01-19 18:07:45
Humber Estuary,nan,nan,nan,nan,nan,nan,nan,nan,nan,nan,nan,nan,nan,nan,nan,nan,nan,nan,nan,nan,nan,nan,nan,nan,nan,nan,nan,nan,nan,nan,nan,nan,nan,nan,nan,"[1, 1, 'Sep', 0, None, None]","[1, 1, 'Sep', 0, None, None]","[1, 1, 'Sep', 0, None, None]","[1, 1, 'Sep', 0, None, None]","[0, 1, '', 0, None, None]","[0, 1, '', 0, None, None]","[88, 2, 'Nov', 0, None, None]","[0, 1, '', 0, None, None]","[0, 1, '', 0, None, None]","[0, 1, '', 0, None, None]","[0, 2, '', 0, None, None]","[0, 1, '', 0, None, None]","[0, 2, '', 0, None, None]","[0, 1, '', 0, None, None]","[1, 1, 'Sep', 0, None, None]","[1, 1, 'Sep', 0, None, None]","[0, 1, '', 0, None, None]","[1, 1, 'Sep', 0, None, None]","[0, 1, '', 0, None, None]","[2, 1, 'Jan', 0, None, None]","[0, 2, '', 0, None, None]","[2, 1, 'Dec', 0, None, None]","[2, 1, 'Dec', 0, None, None]","[2, 1, 'Feb', 0, None, None]","[0, 1, '', 0, None, None]","[1, 1, 'Nov', 0, None, None]","[0, 1, '', 0, None, None]","[1, 1, 'Sep', 0, None, None]","[2, 1, 'Jan', 1, 'Standard visit under the WeBS Low Tide Count Survey', 'WeBS']","[3, 1, 'Dec', 0, None, None]","[2, 1, 'Feb', 0, None, None]","[2, 1, 'Jan', 0, None, None]","[1, 1, 'Dec', 0, None, None]","[2, 1, 'Oct', 0, None, None]","[0, 1, '', 0, None, None]","[0, 1, '', 0, None, None]","[0, 1, '', 0, None, None]","[13, 1, 'Nov', 0, None, None]","[0, 1, '', 0, None, None]","[0, 1, '', 0, None, None]","[2, 1, 'Sep', 0, None, None]","[2, 1, 'Feb', 0, None, None]","[0, 1, '', 0, None, None]","[1, 1, 'Sep', 0, None, None]","[1, 1, 'Oct', 0, None, None]","[0, 1, '', 0, None, None]","[0, 1, '', 0, None, None]","[0, 1, '', 0, None, None]",2020-01-19 18:07:45
Inland Sea and Alaw Estuary,nan,nan,nan,nan,nan,nan,nan,nan,nan,nan,nan,nan,nan,nan,nan,nan,nan,nan,nan,nan,nan,nan,nan,nan,nan,nan,nan,nan,nan,nan,nan,nan,nan,nan,nan,nan,"[0, 2, '', 0, None, None]","[0, 2, '', 0, None, None]","[4, 1, 'Jan', 0, None, None]","[0, 1, '', 0, None, None]","[0, 1, '', 0, None, None]","[0, 1, '', 0, None, None]","[0, 2, '', 0, None, None]","[0, 1, '', 0, None, None]","[0, 1, '', 0, None, None]","[0, 1, '', 0, None, None]","[5, 1, 'Oct', 0, None, None]","[0, 1, '', 0, None, None]","[0, 1, '', 0, None, None]","[0, 1, '', 0, None, None]","[0, 1, '', 0, None, None]","[0, 1, '', 0, None, None]","[0, 1, '', 0, None, None]","[0, 1, '', 0, None, None]","[0, 1, '', 0, None, None]","[0, 1, '', 0, None, None]","[0, 1, '', 0, None, None]","[0, 1, '', 0, None, None]","[0, 1, '', 0, None, None]","[0, 1, '', 0, None, None]","[0, 1, '', 0, None, None]","[0, 1, '', 0, None, None]","[0, 1, '', 0, None, None]","[0, 1, '', 0, None, None]","[0, 1, '', 0, None, None]","[0, 1, '', 0, None, None]","[0, 1, '', 0, None, None]","[0, 1, '', 0, None, None]","[6, 1, 'Feb', 0, None, None]",nan,nan,nan,nan,"[0, 1, '', 0, None, None]","[0, 1, '', 0, None, None]","[0, 1, '', 0, None, None]","[0, 1, '', 0, None, None]","[0, 1, '', 0, None, None]","[1, 1, 'Jan', 0, None, None]","[0, 1, '', 0, None, None]","[0, 1, '', 0, None, None]","[0, 1, '', 0, None, None]","[0, 1, '', 0, None, None]",2020-01-19 18:07:45
Inner Firth of Clyde,nan,nan,nan,nan,nan,nan,nan,nan,nan,nan,nan,nan,nan,nan,nan,nan,nan,nan,nan,nan,nan,nan,nan,nan,nan,nan,nan,nan,nan,nan,nan,nan,nan,nan,nan,nan,nan,"[17, 1, 'Mar', 0, None, None]","[16, 1, 'Dec', 0, None, None]","[0, 1, '', 0, None, None]","[14, 1, 'Dec', 0, None, None]","[2, 1, 'Feb', 0, None, None]",nan,"[0, 2, '', 0, None, None]","[7, 1, 'Jan', 0, None, None]","[0, 1, '', 0, None, None]","[0, 1, '', 0, None, None]","[0, 1, '', 0, None, None]","[0, 1, '', 0, None, None]","[0, 1, '', 0, None, None]","[1, 1, 'Dec', 0, None, None]","[1, 1, 'Nov', 0, None, None]","[0, 2, '', 0, None, None]","[0, 1, '', 0, None, None]","[1, 2, 'Feb', 0, None, None]","[0, 2, '', 0, None, None]","[0, 2, '', 0, None, None]","[8, 2, 'Nov', 0, None, None]","[0, 1, '', 0, None, None]","[0, 1, '', 0, None, None]","[0, 1, '', 0, None, None]","[0, 1, '', 0, None, None]","[0, 1, '', 0, None, None]","[0, 1, '', 0, None, None]","[1, 1, 'Nov', 1, 'Standard visit under the WeBS Low Tide Count Survey', 'WeBS']","[0, 1, '', 0, None, None]","[0, 1, '', 0, None, None]","[0, 1, '', 0, None, None]","[0, 1, '', 0, None, None]","[1, 1, 'Dec', 0, None, None]","[0, 1, '', 0, None, None]","[0, 1, '', 0, None, None]","[0, 1, '', 0, None, None]","[1, 1, 'Dec', 0, None, None]","[0, 1, '', 0, None, None]","[0, 1, '', 0, None, None]","[0, 1, '', 0, None, None]","[0, 1, '', 0, None, None]","[1, 1, 'Nov', 0, None, None]","[0, 1, '', 0, None, None]","[0, 1, '', 0, None, None]","[0, 1, '', 0, None, None]","[0, 1, '', 0, None, None]",2020-01-19 18:07:45
Irt and Mite and Esk Estuary,nan,nan,nan,nan,nan,nan,nan,nan,nan,nan,nan,nan,nan,nan,nan,nan,nan,nan,nan,nan,nan,nan,nan,nan,nan,nan,nan,nan,nan,nan,nan,nan,nan,nan,nan,"[0, 1, '', 0, None, None]","[0, 1, '', 0, None, None]","[0, 1, '', 0, None, None]","[0, 1, '', 0, None, None]","[17, 1, 'Sep', 0, None, None]","[1, 1, 'Oct', 0, None, None]","[0, 1, '', 0, None, None]",nan,nan,nan,nan,nan,"[0, 1, '', 0, None, None]","[1, 1, 'Feb', 0, None, None]","[1, 1, 'Nov', 0, None, None]","[0, 1, '', 0, None, None]","[0, 1, '', 0, None, None]","[0, 2, '', 0, None, None]","[0, 2, '', 0, None, None]","[0, 1, '', 0, None, None]","[0, 1, '', 0, None, None]","[0, 1, '', 0, None, None]","[0, 1, '', 0, None, None]","[0, 1, '', 0, None, None]",nan,"[0, 2, '', 0, None, None]","[0, 1, '', 0, None, None]","[0, 1, '', 0, None, None]","[0, 1, '', 0, None, None]","[0, 1, '', 0, None, None]",nan,"[0, 1, '', 0, None, None]","[0, 1, '', 0, None, None]","[0, 1, '', 0, None, None]","[0, 1, '', 0, None, None]","[0, 1, '', 0, None, None]","[0, 2, '', 0, None, None]","[0, 1, '', 0, None, None]","[0, 1, '', 0, None, None]","[0, 1, '', 0, None, None]","[0, 1, '', 0, None, None]","[0, 1, '', 0, None, None]","[0, 1, '', 0, None, None]","[0, 1, '', 0, None, None]","[0, 1, '', 0, None, None]","[0, 1, '', 0, None, None]","[0, 1, '', 0, None, None]","[0, 1, '', 0, None, None]",2020-01-19 18:07:45
Isle of Cumbrae,nan,nan,nan,nan,nan,nan,nan,nan,nan,nan,nan,nan,nan,nan,nan,nan,nan,nan,nan,nan,nan,nan,nan,nan,nan,nan,nan,nan,nan,nan,nan,nan,nan,nan,nan,nan,nan,nan,nan,nan,nan,nan,nan,nan,nan,nan,nan,nan,nan,nan,nan,"[0, 1, '', 0, None, None]","[0, 1, '', 0, None, None]","[8, 1, 'Dec', 0, None, None]","[0, 1, '', 0, None, None]","[28, 1, 'Mar', 0, None, None]","[12, 1, 'Feb', 0, None, None]","[20, 1, 'Oct', 0, None, None]","[22, 1, 'Jan', 0, None, None]","[4, 1, 'Aug', 0, None, None]","[2, 1, 'Oct', 0, None, None]","[7, 1, 'Apr', 0, None, None]","[31, 1, 'Jan', 0, None, None]","[22, 1, 'Dec', 0, None, None]","[2, 1, 'Mar', 0, None, None]",nan,nan,nan,nan,nan,nan,nan,nan,nan,nan,nan,"[0, 1, '', 0, None, None]",nan,nan,nan,nan,"[0, 1, '', 0, None, None]","[0, 1, '', 0, None, None]",2020-01-19 18:07:45
Killough Harbour,nan,nan,nan,nan,nan,nan,nan,nan,nan,nan,nan,nan,nan,nan,nan,nan,nan,nan,nan,nan,nan,nan,nan,nan,nan,nan,nan,nan,nan,nan,nan,nan,nan,nan,nan,nan,nan,nan,nan,nan,nan,nan,nan,nan,nan,nan,nan,nan,nan,nan,nan,nan,nan,nan,nan,"[2, 1, 'Feb', 0, None, None]",nan,"[0, 1, '', 0, None, None]",nan,"[0, 1, '', 0, None, None]","[2, 1, 'Feb', 1, 'Supplementary visit under the  WeBS Core Count Survey', 'WeBS']",nan,nan,nan,nan,nan,nan,"[0, 1, '', 0, None, None]","[0, 1, '', 0, None, None]","[4, 1, 'Jan', 0, None, None]","[18, 1, 'Nov', 1, 'Standard visit under the WeBS Low Tide Count Survey', 'WeBS']","[4, 1, 'Dec', 1, 'Standard visit under the WeBS Low Tide Count Survey', 'WeBS']","[4, 1, 'Dec', 1, 'Standard visit under the WeBS Low Tide Count Survey', 'WeBS']","[6, 1, 'Jan', 1, 'Standard visit under the WeBS Low Tide Count Survey', 'WeBS']",nan,nan,nan,"[0, 1, '', 0, None, None]","[0, 1, '', 0, None, None]","[0, 1, '', 0, None, None]",nan,nan,nan,2020-01-19 18:07:45
Kilnaughton Bay Port Ellen,nan,nan,nan,nan,nan,nan,nan,nan,nan,nan,nan,nan,nan,nan,nan,nan,nan,nan,nan,nan,nan,nan,nan,nan,nan,nan,nan,nan,nan,nan,nan,nan,nan,nan,nan,nan,nan,nan,nan,nan,nan,nan,nan,nan,nan,nan,nan,nan,nan,nan,nan,nan,nan,nan,nan,nan,nan,nan,nan,nan,nan,nan,nan,nan,nan,nan,nan,nan,nan,"[0, 1, '', 0, None, None]",nan,nan,"[2, 1, 'Jan', 0, None, None]","[0, 1, '', 0, None, None]",nan,nan,"[0, 1, '', 0, None, None]","[0, 1, '', 0, None, None]","[0, 1, '', 0, None, None]","[0, 1, '', 0, None, None]","[0, 1, '', 0, None, None]","[0, 1, '', 0, None, None]","[0, 1, '', 0, None, None]",2020-01-19 18:07:45
Kingsbridge Estuary,nan,nan,nan,nan,nan,nan,nan,nan,nan,nan,nan,nan,nan,nan,nan,nan,nan,nan,nan,nan,nan,nan,nan,nan,nan,nan,nan,nan,nan,nan,nan,nan,nan,nan,nan,nan,"[0, 1, '', 0, None, None]",nan,"[0, 1, '', 0, None, None]","[0, 1, '', 0, None, None]","[0, 1, '', 0, None, None]","[0, 1, '', 0, None, None]","[0, 1, '', 0, None, None]","[1, 1, 'Jan', 0, None, None]","[0, 1, '', 0, None, None]","[0, 1, '', 0, None, None]","[0, 1, '', 0, None, None]","[0, 1, '', 0, None, None]","[0, 1, '', 0, None, None]","[0, 1, '', 0, None, None]","[0, 1, '', 0, None, None]","[0, 1, '', 0, None, None]","[0, 1, '', 0, None, None]","[0, 1, '', 0, None, None]","[0, 1, '', 0, None, None]","[0, 2, '', 0, None, None]","[0, 1, '', 0, None, None]","[0, 1, '', 0, None, None]","[0, 2, '', 0, None, None]","[0, 2, '', 0, None, None]","[0, 1, '', 0, None, None]","[0, 1, '', 0, None, None]","[0, 1, '', 0, None, None]","[0, 1, '', 0, None, None]","[0, 1, '', 0, None, None]","[0, 1, '', 0, None, None]","[0, 1, '', 0, None, None]","[0, 1, '', 0, None, None]","[0, 2, '', 0, None, None]","[0, 1, '', 0, None, None]","[0, 1, '', 0, None, None]","[1, 1, 'Jan', 0, None, None]","[0, 1, '', 0, None, None]","[0, 1, '', 0, None, None]","[0, 1, '', 0, None, None]","[0, 1, '', 0, None, None]","[0, 2, '', 0, None, None]","[3, 1, 'Nov', 0, None, None]","[0, 1, '', 0, None, None]","[0, 1, '', 0, None, None]","[0, 1, '', 0, None, None]","[0, 1, '', 0, None, None]","[0, 1, '', 0, None, None]",2020-01-19 18:07:45
Kyle of Durness,nan,nan,nan,nan,nan,nan,nan,nan,nan,nan,nan,nan,nan,nan,nan,nan,nan,nan,nan,nan,nan,nan,nan,nan,nan,nan,nan,nan,nan,nan,nan,nan,nan,nan,nan,nan,nan,nan,nan,nan,nan,nan,nan,nan,nan,nan,nan,nan,nan,nan,nan,nan,nan,nan,nan,nan,nan,nan,nan,nan,nan,nan,nan,nan,"[0, 2, '', 0, None, None]","[0, 1, '', 0, None, None]",nan,nan,nan,"[0, 1, '', 0, None, None]","[0, 1, '', 0, None, None]","[1, 1, 'Feb', 0, None, None]","[0, 1, '', 0, None, None]","[0, 1, '', 0, None, None]","[0, 2, '', 0, None, None]","[0, 2, '', 0, None, None]","[0, 2, '', 0, None, None]","[0, 2, '', 0, None, None]","[0, 1, '', 0, None, None]","[0, 1, '', 0, None, None]","[0, 1, '', 0, None, None]","[0, 1, '', 0, None, None]","[0, 1, '', 0, None, None]",2020-01-19 18:07:45
Lavan Sands,nan,nan,nan,nan,nan,nan,nan,nan,nan,nan,nan,nan,nan,nan,nan,nan,nan,nan,nan,nan,nan,nan,nan,nan,nan,nan,nan,nan,nan,nan,nan,nan,nan,nan,nan,"[0, 1, '', 0, None, None]","[0, 1, '', 0, None, None]","[0, 1, '', 0, None, None]","[0, 1, '', 0, None, None]","[0, 1, '', 0, None, None]","[0, 1, '', 0, None, None]","[0, 1, '', 0, None, None]","[2, 1, 'Nov', 0, None, None]","[0, 1, '', 0, None, None]","[0, 1, '', 0, None, None]","[0, 1, '', 0, None, None]","[0, 1, '', 0, None, None]","[5, 1, 'Jan', 0, None, None]","[2, 1, 'Nov', 0, None, None]","[1, 1, 'Dec', 0, None, None]","[0, 1, '', 0, None, None]","[0, 2, '', 0, None, None]","[0, 1, '', 0, None, None]","[0, 2, '', 0, None, None]","[0, 1, '', 0, None, None]","[0, 1, '', 0, None, None]","[0, 2, '', 0, None, None]","[0, 2, '', 0, None, None]","[0, 2, '', 0, None, None]","[0, 1, '', 0, None, None]","[0, 1, '', 0, None, None]","[0, 1, '', 0, None, None]","[0, 1, '', 0, None, None]","[0, 1, '', 0, None, None]","[0, 2, '', 0, None, None]","[0, 1, '', 0, None, None]","[0, 2, '', 0, None, None]","[0, 1, '', 0, None, None]","[0, 1, '', 0, None, None]","[0, 1, '', 0, None, None]","[0, 1, '', 0, None, None]","[0, 1, '', 0, None, None]","[0, 1, '', 0, None, None]","[0, 1, '', 0, None, None]","[2, 1, 'Oct', 0, None, None]","[0, 1, '', 0, None, None]","[0, 1, '', 0, None, None]","[0, 1, '', 0, None, None]","[0, 1, '', 0, None, None]","[0, 1, '', 0, None, None]","[0, 1, '', 0, None, None]","[0, 1, '', 0, None, None]","[0, 1, '', 0, None, None]",2020-01-19 18:07:45
Little Clett,nan,nan,nan,nan,nan,nan,nan,nan,nan,nan,nan,nan,nan,nan,nan,nan,nan,nan,nan,nan,nan,nan,nan,nan,nan,nan,nan,nan,nan,nan,nan,nan,nan,nan,nan,nan,nan,nan,nan,nan,nan,nan,nan,nan,nan,nan,nan,nan,nan,nan,nan,nan,nan,nan,nan,nan,nan,nan,nan,nan,nan,nan,nan,nan,nan,nan,nan,nan,nan,nan,nan,"[0, 1, '', 0, None, None]","[0, 1, '', 0, None, None]","[5, 1, 'Feb', 0, None, None]","[0, 2, '', 0, None, None]","[0, 1, '', 0, None, None]","[0, 2, '', 0, None, None]","[0, 1, '', 0, None, None]","[0, 1, '', 0, None, None]","[0, 1, '', 0, None, None]","[0, 1, '', 0, None, None]","[0, 1, '', 0, None, None]","[0, 1, '', 0, None, None]",2020-01-19 18:07:45
Llyn Coron,nan,nan,nan,nan,nan,nan,nan,nan,nan,nan,nan,nan,nan,nan,nan,nan,nan,nan,nan,nan,nan,nan,nan,nan,nan,nan,nan,nan,nan,nan,nan,nan,nan,nan,nan,nan,nan,nan,nan,nan,nan,nan,nan,nan,nan,nan,nan,nan,nan,nan,nan,nan,nan,nan,nan,nan,"[0, 1, '', 0, None, None]","[0, 1, '', 0, None, None]","[0, 1, '', 0, None, None]","[0, 2, '', 0, None, None]","[1, 1, 'Jul', 0, None, None]","[0, 1, '', 0, None, None]","[0, 1, '', 0, None, None]","[0, 1, '', 0, None, None]","[0, 2, '', 0, None, None]","[0, 1, '', 0, None, None]","[0, 1, '', 0, None, None]","[0, 1, '', 0, None, None]","[0, 1, '', 0, None, None]","[0, 1, '', 0, None, None]","[0, 1, '', 0, None, None]","[0, 1, '', 0, None, None]","[0, 1, '', 0, None, None]","[0, 1, '', 0, None, None]","[0, 1, '', 0, None, None]","[0, 1, '', 0, None, None]","[0, 1, '', 0, None, None]","[0, 1, '', 0, None, None]","[0, 1, '', 0, None, None]","[0, 1, '', 0, None, None]","[0, 1, '', 0, None, None]","[0, 1, '', 0, None, None]","[0, 1, '', 0, None, None]",2020-01-19 18:07:45
Loch Eriboll,nan,nan,nan,nan,nan,nan,nan,nan,nan,nan,nan,nan,nan,nan,nan,nan,nan,nan,nan,nan,nan,nan,nan,nan,nan,nan,nan,nan,nan,nan,nan,nan,nan,nan,nan,nan,nan,nan,nan,nan,nan,nan,nan,nan,nan,nan,nan,nan,nan,nan,nan,nan,nan,nan,nan,nan,nan,nan,nan,nan,nan,nan,nan,nan,"[0, 2, '', 0, None, None]",nan,nan,nan,nan,"[0, 1, '', 0, None, None]","[0, 1, '', 0, None, None]","[2, 1, 'Feb', 0, None, None]","[0, 1, '', 0, None, None]","[0, 1, '', 0, None, None]","[0, 1, '', 0, None, None]","[0, 2, '', 0, None, None]","[0, 1, '', 0, None, None]","[0, 1, '', 0, None, None]","[0, 1, '', 0, None, None]","[0, 1, '', 0, None, None]","[0, 1, '', 0, None, None]","[0, 1, '', 0, None, None]","[0, 2, '', 0, None, None]",2020-01-19 18:07:45
Loch Fada (Benbecula),nan,nan,nan,nan,nan,nan,nan,nan,nan,nan,nan,nan,nan,nan,nan,nan,nan,nan,nan,nan,nan,nan,nan,nan,nan,nan,nan,nan,nan,nan,nan,nan,nan,nan,nan,nan,nan,nan,nan,nan,nan,nan,nan,nan,nan,nan,nan,nan,nan,nan,nan,nan,nan,nan,nan,nan,nan,nan,nan,nan,nan,nan,nan,nan,nan,nan,nan,nan,nan,nan,"[0, 1, '', 0, None, None]","[1, 1, 'Dec', 0, None, None]","[0, 1, '', 0, None, None]","[0, 1, '', 0, None, None]","[0, 2, '', 0, None, None]","[0, 1, '', 0, None, None]","[0, 2, '', 0, None, None]","[0, 1, '', 0, None, None]","[0, 1, '', 0, None, None]","[0, 1, '', 0, None, None]","[0, 1, '', 0, None, None]","[0, 1, '', 0, None, None]","[0, 1, '', 0, None, None]",2020-01-19 18:07:45
Loch Gilp,nan,nan,nan,nan,nan,nan,nan,nan,nan,nan,nan,nan,nan,nan,nan,nan,nan,nan,nan,nan,nan,nan,nan,nan,nan,nan,nan,nan,nan,nan,nan,nan,nan,nan,nan,nan,nan,nan,nan,nan,nan,nan,nan,nan,nan,nan,nan,nan,nan,nan,nan,nan,nan,"[0, 1, '', 0, None, None]","[0, 1, '', 0, None, None]","[0, 1, '', 0, None, None]","[0, 2, '', 0, None, None]","[0, 1, '', 0, None, None]","[0, 2, '', 0, None, None]","[0, 1, '', 0, None, None]","[2, 1, 'Oct', 0, None, None]","[0, 1, '', 0, None, None]","[0, 1, '', 0, None, None]","[0, 1, '', 0, None, None]","[0, 2, '', 0, None, None]",nan,nan,nan,nan,nan,nan,nan,nan,nan,nan,"[0, 1, '', 0, None, None]",nan,"[2, 1, 'Feb', 1, 'Supplementary visit under the  WeBS Core Count Survey', 'WeBS']","[0, 1, '', 0, None, None]","[0, 1, '', 0, None, None]","[0, 1, '', 0, None, None]","[0, 1, '', 0, None, None]","[0, 1, '', 0, None, None]",2020-01-19 18:07:45
Loch Gruinart,nan,nan,nan,nan,nan,nan,nan,nan,nan,nan,nan,nan,nan,nan,nan,nan,nan,nan,nan,nan,nan,nan,nan,nan,nan,nan,nan,nan,nan,nan,nan,nan,nan,nan,nan,"[0, 1, '', 0, None, None]","[0, 1, '', 0, None, None]","[0, 1, '', 0, None, None]","[0, 1, '', 0, None, None]",nan,nan,nan,nan,nan,nan,nan,"[0, 1, '', 0, None, None]","[1, 1, 'Feb', 0, None, None]","[0, 1, '', 0, None, None]","[0, 1, '', 0, None, None]","[1, 1, 'Nov', 0, None, None]","[0, 1, '', 0, None, None]","[0, 1, '', 0, None, None]","[0, 1, '', 0, None, None]","[0, 1, '', 0, None, None]","[0, 1, '', 0, None, None]","[0, 1, '', 0, None, None]","[1, 1, 'Apr', 0, None, None]","[0, 1, '', 0, None, None]","[2, 1, 'Feb', 0, None, None]","[0, 1, '', 0, None, None]","[0, 1, '', 0, None, None]","[0, 1, '', 0, None, None]","[2, 1, 'Nov', 0, None, None]","[0, 1, '', 0, None, None]","[0, 1, '', 0, None, None]",nan,"[0, 1, '', 0, None, None]","[0, 1, '', 0, None, None]","[4, 1, 'Apr', 0, None, None]","[0, 1, '', 0, None, None]","[0, 1, '', 0, None, None]","[4, 1, 'Nov', 0, None, None]","[0, 1, '', 0, None, None]","[5, 1, 'Nov', 0, None, None]","[0, 1, '', 0, None, None]","[0, 1, '', 0, None, None]","[0, 1, '', 0, None, None]","[0, 1, '', 0, None, None]","[0, 1, '', 0, None, None]","[0, 1, '', 0, None, None]","[0, 1, '', 0, None, None]","[0, 1, '', 0, None, None]",2020-01-19 18:07:45
Loch Linnhe - Camas Shallachain,nan,nan,nan,nan,nan,nan,nan,nan,nan,nan,nan,nan,nan,nan,nan,nan,nan,nan,nan,nan,nan,nan,nan,nan,nan,nan,nan,nan,nan,nan,nan,nan,nan,nan,nan,nan,nan,nan,nan,nan,nan,nan,nan,nan,nan,nan,nan,nan,nan,nan,nan,nan,nan,nan,nan,nan,"[0, 1, '', 0, None, None]","[0, 1, '', 0, None, None]","[5, 2, 'Dec', 0, None, None]","[0, 2, '', 0, None, None]","[0, 2, '', 0, None, None]","[0, 2, '', 0, None, None]","[0, 1, '', 0, None, None]","[0, 1, '', 0, None, None]","[0, 1, '', 0, None, None]",nan,"[0, 1, '', 0, None, None]",nan,nan,"[0, 1, '', 0, None, None]",nan,nan,nan,nan,nan,nan,nan,nan,nan,nan,nan,"[0, 2, '', 0, None, None]",nan,2020-01-19 18:07:45
Loch Linnhe - Inversanda Bay to Corran Ferry,nan,nan,nan,nan,nan,nan,nan,nan,nan,nan,nan,nan,nan,nan,nan,nan,nan,nan,nan,nan,nan,nan,nan,nan,nan,nan,nan,nan,nan,nan,nan,nan,nan,nan,nan,nan,nan,nan,nan,nan,nan,nan,nan,nan,nan,nan,nan,nan,nan,nan,nan,nan,nan,nan,nan,nan,"[0, 1, '', 0, None, None]","[0, 1, '', 0, None, None]","[5, 2, 'Dec', 0, None, None]","[0, 2, '', 0, None, None]","[0, 2, '', 0, None, None]","[0, 2, '', 0, None, None]","[0, 1, '', 0, None, None]","[0, 1, '', 0, None, None]","[0, 1, '', 0, None, None]",nan,"[0, 1, '', 0, None, None]",nan,nan,"[0, 1, '', 0, None, None]",nan,nan,nan,nan,nan,nan,nan,nan,"[0, 1, '', 0, None, None]","[0, 1, '', 0, None, None]","[0, 1, '', 0, None, None]","[0, 2, '', 0, None, None]","[0, 1, '', 0, None, None]",2020-01-19 18:07:45
Loch Ryan,nan,nan,nan,nan,nan,nan,nan,nan,nan,nan,nan,nan,nan,nan,nan,nan,nan,nan,nan,nan,nan,nan,nan,nan,nan,nan,nan,nan,nan,nan,nan,nan,nan,nan,nan,"[0, 1, '', 0, None, None]","[0, 1, '', 0, None, None]","[0, 1, '', 0, None, None]","[0, 1, '', 0, None, None]","[0, 1, '', 0, None, None]","[0, 1, '', 0, None, None]","[0, 1, '', 0, None, None]",nan,"[0, 1, '', 0, None, None]","[0, 1, '', 0, None, None]",nan,"[0, 1, '', 0, None, None]","[0, 1, '', 0, None, None]","[0, 1, '', 0, None, None]","[0, 1, '', 0, None, None]","[0, 1, '', 0, None, None]","[0, 1, '', 0, None, None]","[0, 1, '', 0, None, None]","[0, 1, '', 0, None, None]","[0, 1, '', 0, None, None]","[0, 1, '', 0, None, None]","[0, 1, '', 0, None, None]","[0, 1, '', 0, None, None]","[0, 1, '', 0, None, None]","[0, 1, '', 0, None, None]","[0, 1, '', 0, None, None]","[0, 1, '', 0, None, None]","[0, 1, '', 0, None, None]","[0, 1, '', 0, None, None]","[0, 1, '', 0, None, None]","[0, 1, '', 0, None, None]","[0, 2, '', 0, None, None]","[0, 1, '', 0, None, None]","[0, 1, '', 0, None, None]","[0, 1, '', 0, None, None]","[0, 1, '', 0, None, None]","[0, 2, '', 0, None, None]","[0, 1, '', 0, None, None]","[0, 1, '', 0, None, None]","[1, 1, 'Nov', 1, 'Supplementary visit under the  WeBS Core Count Survey', 'WeBS']","[0, 1, '', 0, None, None]","[0, 1, '', 0, None, None]","[0, 1, '', 0, None, None]","[0, 1, '', 0, None, None]","[0, 1, '', 0, None, None]","[0, 1, '', 0, None, None]","[0, 1, '', 0, None, None]","[0, 2, '', 0, None, None]",2020-01-19 18:07:45
Loch of North Haa and Loch of Beith,nan,nan,nan,nan,nan,nan,nan,nan,nan,nan,nan,nan,nan,nan,nan,nan,nan,nan,nan,nan,nan,nan,nan,nan,nan,nan,nan,nan,nan,nan,nan,nan,nan,nan,nan,nan,nan,nan,nan,nan,nan,nan,nan,nan,nan,nan,nan,nan,nan,nan,nan,nan,nan,nan,nan,nan,nan,nan,nan,nan,nan,nan,nan,nan,"[0, 1, '', 0, None, None]","[0, 1, '', 0, None, None]","[0, 1, '', 0, None, None]",nan,nan,nan,nan,nan,nan,"[0, 1, '', 0, None, None]","[0, 1, '', 0, None, None]","[1, 1, 'Apr', 0, None, None]","[1, 1, 'Mar', 0, None, None]","[0, 1, '', 0, None, None]","[0, 1, '', 0, None, None]","[0, 1, '', 0, None, None]","[0, 1, '', 0, None, None]","[0, 1, '', 0, None, None]","[0, 1, '', 0, None, None]",2020-01-19 18:07:45
Loch of Strathbeg,nan,nan,nan,nan,nan,nan,nan,nan,nan,nan,nan,nan,nan,nan,nan,nan,nan,nan,nan,nan,nan,nan,nan,nan,nan,nan,nan,nan,nan,nan,nan,nan,nan,nan,nan,nan,nan,nan,nan,nan,nan,nan,nan,nan,nan,nan,nan,nan,nan,nan,nan,nan,nan,nan,nan,nan,nan,nan,"[0, 1, '', 0, None, None]","[0, 1, '', 0, None, None]","[0, 1, '', 0, None, None]","[0, 1, '', 0, None, None]","[0, 1, '', 0, None, None]","[0, 1, '', 0, None, None]","[0, 1, '', 0, None, None]","[0, 1, '', 0, None, None]","[0, 1, '', 0, None, None]","[0, 1, '', 0, None, None]","[0, 2, '', 0, None, None]","[2, 1, 'Feb', 0, None, None]","[3, 1, 'Apr', 0, None, None]","[1, 1, 'Dec', 0, None, None]","[0, 1, '', 0, None, None]","[3, 1, 'Jan', 0, None, None]","[0, 1, '', 0, None, None]","[0, 1, '', 0, None, None]","[0, 1, '', 0, None, None]","[0, 1, '', 0, None, None]","[0, 1, '', 0, None, None]","[0, 1, '', 0, None, None]","[0, 1, '', 0, None, None]","[0, 1, '', 0, None, None]","[0, 1, '', 0, None, None]",2020-01-19 18:07:45
Lough Foyle,nan,nan,nan,nan,nan,nan,nan,nan,nan,nan,nan,nan,nan,nan,nan,nan,nan,nan,nan,nan,nan,nan,nan,nan,nan,nan,nan,nan,nan,nan,nan,nan,nan,nan,nan,nan,nan,nan,nan,nan,"[0, 1, '', 0, None, None]","[0, 1, '', 0, None, None]","[0, 1, '', 0, None, None]","[0, 2, '', 0, None, None]","[0, 1, '', 0, None, None]","[1, 1, 'Feb', 0, None, None]","[2, 1, 'Sep', 0, None, None]","[1, 1, 'Dec', 0, None, None]","[0, 1, '', 0, None, None]","[0, 1, '', 0, None, None]","[0, 1, '', 0, None, None]","[0, 1, '', 0, None, None]","[0, 1, '', 0, None, None]","[0, 1, '', 0, None, None]","[0, 1, '', 0, None, None]","[0, 2, '', 0, None, None]","[0, 1, '', 0, None, None]","[0, 1, '', 0, None, None]","[0, 1, '', 0, None, None]","[0, 1, '', 0, None, None]","[0, 1, '', 0, None, None]","[0, 1, '', 0, None, None]","[0, 1, '', 0, None, None]","[0, 1, '', 0, None, None]","[0, 1, '', 0, None, None]","[0, 1, '', 0, None, None]","[0, 1, '', 0, None, None]","[0, 1, '', 0, None, None]","[0, 1, '', 0, None, None]","[0, 1, '', 0, None, None]","[0, 1, '', 0, None, None]","[0, 1, '', 0, None, None]","[0, 1, '', 0, None, None]","[0, 1, '', 0, None, None]","[0, 1, '', 0, None, None]","[0, 2, '', 0, None, None]","[0, 1, '', 0, None, None]","[0, 1, '', 0, None, None]","[0, 1, '', 0, None, None]","[0, 1, '', 0, None, None]","[0, 1, '', 0, None, None]","[0, 1, '', 0, None, None]","[0, 1, '', 0, None, None]",2020-01-19 18:07:45
Maidens Harbour,nan,nan,nan,nan,nan,nan,nan,nan,nan,nan,nan,nan,nan,nan,nan,nan,nan,nan,nan,nan,nan,nan,nan,nan,nan,nan,nan,nan,nan,nan,nan,nan,nan,nan,nan,nan,nan,"[0, 1, '', 0, None, None]","[1, 1, 'Feb', 0, None, None]","[0, 1, '', 0, None, None]","[0, 1, '', 0, None, None]","[0, 1, '', 0, None, None]","[2, 1, 'Dec', 0, None, None]","[0, 1, '', 0, None, None]","[0, 1, '', 0, None, None]","[0, 1, '', 0, None, None]","[0, 1, '', 0, None, None]","[0, 1, '', 0, None, None]","[0, 1, '', 0, None, None]","[0, 1, '', 0, None, None]","[0, 1, '', 0, None, None]","[0, 1, '', 0, None, None]","[0, 1, '', 0, None, None]","[0, 1, '', 0, None, None]","[0, 1, '', 0, None, None]",nan,"[20, 1, 'Jan', 0, None, None]","[0, 1, '', 0, None, None]","[0, 1, '', 0, None, None]",nan,nan,"[0, 1, '', 0, None, None]","[0, 1, '', 0, None, None]","[0, 1, '', 0, None, None]","[0, 1, '', 0, None, None]","[0, 1, '', 0, None, None]","[0, 1, '', 0, None, None]","[0, 1, '', 0, None, None]","[0, 1, '', 0, None, None]","[0, 1, '', 0, None, None]","[0, 1, '', 0, None, None]","[0, 1, '', 0, None, None]","[0, 1, '', 0, None, None]","[8, 1, 'Jan', 0, None, None]","[0, 1, '', 0, None, None]","[1, 1, 'Apr', 0, None, None]","[0, 1, '', 0, None, None]","[0, 1, '', 0, None, None]","[0, 1, '', 0, None, None]","[0, 1, '', 0, None, None]","[0, 1, '', 0, None, None]","[0, 1, '', 0, None, None]","[0, 2, '', 0, None, None]",2020-01-19 18:07:45
Malltraeth Cob and Pools,nan,nan,nan,nan,nan,nan,nan,nan,nan,nan,nan,nan,nan,nan,nan,nan,nan,nan,nan,nan,nan,nan,nan,nan,nan,nan,nan,nan,nan,nan,nan,nan,nan,nan,nan,nan,nan,nan,nan,nan,nan,nan,nan,nan,nan,nan,nan,nan,nan,nan,nan,nan,nan,nan,nan,nan,nan,nan,"[0, 1, '', 0, None, None]","[1, 1, 'Nov', 0, None, None]","[0, 1, '', 0, None, None]",nan,nan,nan,nan,nan,nan,nan,"[0, 1, '', 0, None, None]","[0, 1, '', 0, None, None]","[0, 1, '', 0, None, None]","[0, 1, '', 0, None, None]","[0, 1, '', 0, None, None]","[0, 1, '', 0, None, None]","[0, 1, '', 0, None, None]",nan,"[0, 2, '', 0, None, None]","[0, 1, '', 0, None, None]","[0, 1, '', 0, None, None]","[0, 2, '', 0, None, None]","[0, 1, '', 0, None, None]","[0, 2, '', 0, None, None]","[0, 1, '', 0, None, None]",2020-01-19 18:07:45
Malltraeth Sands,nan,nan,nan,nan,nan,nan,nan,nan,nan,nan,nan,nan,nan,nan,nan,nan,nan,nan,nan,nan,nan,nan,nan,nan,nan,nan,nan,nan,nan,nan,nan,nan,nan,nan,nan,nan,nan,nan,nan,nan,nan,"[0, 1, '', 0, None, None]",nan,nan,nan,nan,nan,nan,"[0, 1, '', 0, None, None]","[0, 1, '', 0, None, None]","[0, 1, '', 0, None, None]","[0, 1, '', 0, None, None]","[0, 1, '', 0, None, None]","[0, 1, '', 0, None, None]","[0, 1, '', 0, None, None]","[0, 1, '', 0, None, None]","[0, 1, '', 0, None, None]","[1, 1, 'Feb', 0, None, None]","[0, 1, '', 0, None, None]","[0, 1, '', 0, None, None]","[0, 1, '', 0, None, None]",nan,nan,nan,nan,nan,nan,nan,nan,nan,nan,nan,nan,nan,"[0, 1, '', 0, None, None]",nan,"[0, 1, '', 0, None, None]","[0, 2, '', 0, None, None]","[0, 1, '', 0, None, None]",nan,nan,"[0, 2, '', 0, None, None]","[0, 1, '', 0, None, None]",2020-01-19 18:07:45
Medway Estuary,nan,nan,nan,nan,nan,nan,nan,nan,nan,nan,nan,nan,nan,nan,nan,nan,nan,nan,nan,nan,nan,nan,nan,nan,nan,nan,nan,nan,nan,nan,nan,nan,nan,nan,nan,"[0, 1, '', 0, None, None]","[0, 1, '', 0, None, None]","[0, 1, '', 0, None, None]","[1, 1, 'Sep', 0, None, None]","[0, 1, '', 0, None, None]","[0, 1, '', 0, None, None]","[0, 1, '', 0, None, None]","[0, 1, '', 0, None, None]","[0, 1, '', 0, None, None]",nan,"[0, 1, '', 0, None, None]","[0, 2, '', 0, None, None]","[0, 2, '', 0, None, None]","[1, 1, 'Oct', 0, None, None]","[0, 1, '', 0, None, None]","[0, 2, '', 0, None, None]","[0, 2, '', 0, None, None]","[0, 2, '', 0, None, None]","[0, 2, '', 0, None, None]","[0, 1, '', 0, None, None]","[0, 1, '', 0, None, None]","[0, 1, '', 0, None, None]","[0, 2, '', 0, None, None]","[0, 2, '', 0, None, None]","[0, 1, '', 0, None, None]","[0, 1, '', 0, None, None]","[0, 1, '', 0, None, None]","[0, 2, '', 0, None, None]","[0, 2, '', 0, None, None]","[0, 1, '', 0, None, None]","[0, 2, '', 0, None, None]","[0, 2, '', 0, None, None]","[0, 1, '', 0, None, None]","[0, 1, '', 0, None, None]","[0, 1, '', 0, None, None]","[0, 1, '', 0, None, None]","[0, 1, '', 0, None, None]","[0, 1, '', 0, None, None]","[0, 1, '', 0, None, None]","[0, 1, '', 0, None, None]","[0, 1, '', 0, None, None]","[1, 1, 'Mar', 0, None, None]","[0, 2, '', 0, None, None]","[0, 1, '', 0, None, None]","[0, 1, '', 0, None, None]","[0, 1, '', 0, None, None]","[0, 1, '', 0, None, None]","[0, 1, '', 0, None, None]",2020-01-19 18:07:45
Melbost Sands and Broad Bay (Lewis),nan,nan,nan,nan,nan,nan,nan,nan,nan,nan,nan,nan,nan,nan,nan,nan,nan,nan,nan,nan,nan,nan,nan,nan,nan,nan,nan,nan,nan,nan,nan,nan,nan,nan,nan,nan,nan,nan,nan,nan,nan,nan,nan,"[0, 1, '', 0, None, None]","[0, 1, '', 0, None, None]","[0, 1, '', 0, None, None]","[0, 1, '', 0, None, None]","[0, 1, '', 0, None, None]","[0, 1, '', 0, None, None]","[0, 1, '', 0, None, None]",nan,nan,nan,nan,nan,nan,nan,nan,"[0, 1, '', 0, None, None]","[0, 1, '', 0, None, None]",nan,nan,"[0, 1, '', 0, None, None]","[0, 1, '', 0, None, None]","[0, 1, '', 0, None, None]","[0, 1, '', 0, None, None]","[0, 1, '', 0, None, None]",nan,"[0, 1, '', 0, None, None]","[0, 1, '', 0, None, None]","[0, 1, '', 0, None, None]","[0, 1, '', 0, None, None]","[8, 1, 'Dec', 0, None, None]","[5, 2, 'Dec', 0, None, None]","[0, 2, '', 0, None, None]","[0, 1, '', 0, None, None]","[0, 1, '', 0, None, None]","[0, 2, '', 0, None, None]","[0, 2, '', 0, None, None]",nan,"[0, 1, '', 0, None, None]",nan,nan,2020-01-19 18:07:45
Minsmere,nan,nan,nan,nan,nan,nan,nan,nan,nan,nan,nan,nan,nan,nan,nan,nan,nan,nan,nan,nan,nan,nan,nan,nan,nan,nan,nan,nan,nan,nan,nan,nan,nan,nan,nan,nan,nan,nan,nan,nan,nan,nan,nan,nan,nan,nan,nan,nan,nan,nan,nan,nan,nan,nan,nan,nan,"[0, 1, '', 0, None, None]","[0, 1, '', 0, None, None]","[0, 1, '', 0, None, None]","[0, 1, '', 0, None, None]","[0, 2, '', 0, None, None]","[0, 2, '', 0, None, None]","[0, 1, '', 0, None, None]","[0, 1, '', 0, None, None]","[0, 1, '', 0, None, None]","[0, 1, '', 0, None, None]","[0, 1, '', 0, None, None]","[0, 1, '', 0, None, None]","[1, 1, 'Oct', 0, None, None]","[0, 1, '', 0, None, None]","[0, 1, '', 0, None, None]","[0, 1, '', 0, None, None]","[0, 1, '', 0, None, None]","[0, 1, '', 0, None, None]","[0, 1, '', 0, None, None]","[0, 1, '', 0, None, None]","[0, 1, '', 0, None, None]","[0, 1, '', 0, None, None]","[0, 1, '', 0, None, None]","[0, 1, '', 0, None, None]","[0, 1, '', 0, None, None]","[0, 1, '', 0, None, None]","[0, 1, '', 0, None, None]",2020-01-19 18:07:45
Murkle Bay,nan,nan,nan,nan,nan,nan,nan,nan,nan,nan,nan,nan,nan,nan,nan,nan,nan,nan,nan,nan,nan,nan,nan,nan,nan,nan,nan,nan,nan,nan,nan,nan,nan,nan,nan,nan,nan,nan,nan,nan,nan,nan,nan,nan,nan,nan,nan,nan,nan,nan,nan,nan,nan,nan,nan,nan,nan,nan,nan,nan,nan,nan,nan,nan,nan,nan,nan,nan,nan,nan,nan,"[40, 1, 'Feb', 0, None, None]","[5, 1, 'Feb', 0, None, None]","[0, 2, '', 0, None, None]","[0, 2, '', 0, None, None]","[0, 1, '', 0, None, None]","[0, 2, '', 0, None, None]","[0, 2, '', 0, None, None]","[0, 1, '', 0, None, None]","[0, 1, '', 0, None, None]","[0, 1, '', 0, None, None]","[0, 1, '', 0, None, None]","[0, 1, '', 0, None, None]",2020-01-19 18:07:45
Newcastle Shore,nan,nan,nan,nan,nan,nan,nan,nan,nan,nan,nan,nan,nan,nan,nan,nan,nan,nan,nan,nan,nan,nan,nan,nan,nan,nan,nan,nan,nan,nan,nan,nan,nan,nan,nan,nan,nan,nan,nan,nan,nan,nan,nan,nan,nan,nan,nan,nan,nan,nan,nan,nan,nan,nan,nan,nan,nan,nan,"[6, 1, 'Dec', 0, None, None]","[7, 1, 'Jan', 0, None, None]","[4, 1, 'Nov', 0, None, None]","[1, 1, 'Jan', 0, None, None]","[9, 1, 'Dec', 0, None, None]","[14, 1, 'Mar', 0, None, None]","[9, 1, 'Dec', 0, None, None]","[5, 1, 'Nov', 0, None, None]",nan,nan,nan,nan,nan,nan,nan,"[17, 1, 'Feb', 0, None, None]",nan,nan,nan,nan,"[0, 1, '', 0, None, None]",nan,nan,"[0, 1, '', 0, None, None]",nan,2020-01-19 18:07:45
Newtown Estuary,nan,nan,nan,nan,nan,nan,nan,nan,nan,nan,nan,nan,nan,nan,nan,nan,nan,nan,nan,nan,nan,nan,nan,nan,nan,nan,nan,nan,nan,nan,nan,nan,nan,nan,nan,"[0, 1, '', 0, None, None]","[0, 1, '', 0, None, None]","[0, 1, '', 0, None, None]","[0, 1, '', 0, None, None]","[0, 1, '', 0, None, None]","[0, 1, '', 0, None, None]","[0, 1, '', 0, None, None]","[0, 1, '', 0, None, None]","[0, 1, '', 0, None, None]","[0, 1, '', 0, None, None]","[0, 1, '', 0, None, None]","[0, 1, '', 0, None, None]","[0, 1, '', 0, None, None]","[0, 1, '', 0, None, None]","[0, 1, '', 0, None, None]","[0, 1, '', 0, None, None]","[0, 1, '', 0, None, None]","[0, 1, '', 0, None, None]","[0, 1, '', 0, None, None]","[0, 1, '', 0, None, None]","[0, 1, '', 0, None, None]","[0, 1, '', 0, None, None]","[0, 1, '', 0, None, None]","[0, 1, '', 0, None, None]","[0, 2, '', 0, None, None]","[0, 2, '', 0, None, None]","[0, 1, '', 0, None, None]","[0, 1, '', 0, None, None]","[0, 1, '', 0, None, None]","[0, 1, '', 0, None, None]","[1, 1, 'Feb', 0, None, None]","[1, 1, 'Jan', 0, None, None]","[0, 1, '', 0, None, None]","[0, 1, '', 0, None, None]","[0, 2, '', 0, None, None]","[0, 2, '', 0, None, None]","[0, 1, '', 0, None, None]","[0, 1, '', 0, None, None]","[0, 1, '', 0, None, None]","[0, 1, '', 0, None, None]","[0, 2, '', 0, None, None]","[0, 1, '', 0, None, None]","[0, 1, '', 0, None, None]","[0, 2, '', 0, None, None]","[0, 1, '', 0, None, None]","[0, 1, '', 0, None, None]","[0, 2, '', 0, None, None]","[0, 1, '', 0, None, None]",2020-01-19 18:07:45
Nigg Bay to Cove Bay,nan,nan,nan,nan,nan,nan,nan,nan,nan,nan,nan,nan,nan,nan,nan,nan,nan,nan,nan,nan,nan,nan,nan,nan,nan,nan,nan,nan,nan,nan,nan,nan,nan,nan,nan,nan,nan,nan,nan,nan,nan,nan,nan,nan,nan,nan,nan,nan,nan,nan,nan,nan,nan,nan,nan,nan,nan,nan,nan,nan,"[42, 1, 'Feb', 0, None, None]","[34, 1, 'Dec', 0, None, None]","[35, 1, 'Feb', 0, None, None]","[25, 1, 'Dec', 0, None, None]","[5, 1, 'Jan', 0, None, None]","[0, 1, '', 0, None, None]",nan,nan,nan,"[21, 1, 'Mar', 0, None, None]","[13, 1, 'Apr', 0, None, None]","[5, 1, 'Dec', 0, None, None]","[1, 1, 'Sep', 0, None, None]","[0, 1, '', 0, None, None]",nan,nan,nan,nan,nan,nan,"[0, 1, '', 0, None, None]",nan,"[0, 2, '', 0, None, None]",2020-01-19 18:07:45
North West Solent,nan,nan,nan,nan,nan,nan,nan,nan,nan,nan,nan,nan,nan,nan,nan,nan,nan,nan,nan,nan,nan,nan,nan,nan,nan,nan,nan,nan,nan,nan,nan,nan,nan,nan,nan,"[1, 1, 'Nov', 0, None, None]","[0, 1, '', 0, None, None]","[0, 1, '', 0, None, None]","[0, 2, '', 0, None, None]","[0, 2, '', 0, None, None]","[0, 2, '', 0, None, None]","[1, 1, 'Aug', 0, None, None]","[0, 1, '', 0, None, None]","[0, 2, '', 0, None, None]","[0, 1, '', 0, None, None]","[0, 1, '', 0, None, None]","[1, 1, 'Dec', 0, None, None]","[1, 1, 'Oct', 0, None, None]","[0, 2, '', 0, None, None]","[0, 1, '', 0, None, None]","[0, 1, '', 0, None, None]","[0, 1, '', 0, None, None]","[1, 1, 'Sep', 0, None, None]","[0, 2, '', 0, None, None]","[4, 1, 'Dec', 0, None, None]","[0, 1, '', 0, None, None]","[0, 1, '', 0, None, None]","[0, 1, '', 0, None, None]","[0, 1, '', 0, None, None]","[0, 1, '', 0, None, None]","[0, 1, '', 0, None, None]","[11, 1, 'Jan', 1, 'Standard visit under the WeBS Low Tide Count Survey', 'WeBS']","[0, 2, '', 0, None, None]","[6, 1, 'Jan', 1, 'Standard visit under the WeBS Low Tide Count Survey', 'WeBS']","[0, 1, '', 0, None, None]","[0, 2, '', 0, None, None]","[0, 1, '', 0, None, None]","[1, 1, 'Sep', 0, None, None]","[0, 1, '', 0, None, None]","[0, 1, '', 0, None, None]","[0, 1, '', 0, None, None]","[0, 1, '', 0, None, None]","[0, 1, '', 0, None, None]","[0, 1, '', 0, None, None]","[0, 1, '', 0, None, None]","[0, 1, '', 0, None, None]","[0, 1, '', 0, None, None]","[0, 1, '', 0, None, None]","[0, 1, '', 0, None, None]","[0, 1, '', 0, None, None]","[0, 1, '', 0, None, None]","[0, 2, '', 0, None, None]","[0, 1, '', 0, None, None]",2020-01-19 18:07:45
Pagham Harbour,nan,nan,nan,nan,nan,nan,nan,nan,nan,nan,nan,nan,nan,nan,nan,nan,nan,nan,nan,nan,nan,nan,nan,nan,nan,nan,nan,nan,nan,nan,nan,nan,nan,nan,nan,"[0, 2, '', 0, None, None]","[0, 2, '', 0, None, None]","[4, 1, 'Jan', 0, None, None]","[3, 1, 'Jan', 0, None, None]","[8, 1, 'Jan', 0, None, None]","[0, 1, '', 0, None, None]","[2, 1, 'Dec', 0, None, None]","[0, 1, '', 0, None, None]","[0, 1, '', 0, None, None]","[0, 1, '', 0, None, None]","[1, 1, 'Oct', 0, None, None]","[0, 1, '', 0, None, None]","[0, 2, '', 0, None, None]","[0, 2, '', 0, None, None]","[0, 2, '', 0, None, None]","[0, 1, '', 0, None, None]","[0, 1, '', 0, None, None]","[0, 1, '', 0, None, None]","[0, 1, '', 0, None, None]","[4, 1, 'Dec', 0, None, None]","[2, 1, 'Sep', 0, None, None]","[0, 1, '', 0, None, None]","[0, 1, '', 0, None, None]","[0, 2, '', 0, None, None]","[0, 1, '', 0, None, None]","[0, 1, '', 0, None, None]","[0, 1, '', 0, None, None]","[1, 1, 'Nov', 0, None, None]","[0, 1, '', 0, None, None]","[1, 1, 'Jan', 0, None, None]","[0, 1, '', 0, None, None]","[1, 1, 'Dec', 0, None, None]","[1, 1, 'Jan', 0, None, None]","[0, 1, '', 0, None, None]","[1, 1, 'May', 0, None, None]","[2, 1, 'Nov', 0, None, None]","[2, 1, 'Feb', 0, None, None]","[0, 1, '', 0, None, None]","[1, 1, 'Mar', 0, None, None]","[1, 1, 'Dec', 0, None, None]","[0, 1, '', 0, None, None]","[0, 1, '', 0, None, None]","[0, 1, '', 0, None, None]","[0, 1, '', 0, None, None]","[0, 1, '', 0, None, None]","[0, 1, '', 0, None, None]","[0, 1, '', 0, None, None]","[0, 1, '', 0, None, None]",2020-01-19 18:07:45
Pegwell Bay,nan,nan,nan,nan,nan,nan,nan,nan,nan,nan,nan,nan,nan,nan,nan,nan,nan,nan,nan,nan,nan,nan,nan,nan,nan,nan,nan,nan,nan,nan,nan,nan,nan,nan,nan,"[0, 1, '', 0, None, None]","[0, 1, '', 0, None, None]","[0, 1, '', 0, None, None]","[0, 1, '', 0, None, None]","[0, 1, '', 0, None, None]","[0, 1, '', 0, None, None]","[0, 1, '', 0, None, None]",nan,"[0, 1, '', 0, None, None]",nan,nan,nan,"[0, 1, '', 0, None, None]","[1, 1, 'Feb', 0, None, None]","[0, 1, '', 0, None, None]","[0, 1, '', 0, None, None]","[0, 1, '', 0, None, None]","[0, 1, '', 0, None, None]","[1, 1, 'Dec', 0, None, None]","[0, 1, '', 0, None, None]","[0, 1, '', 0, None, None]","[1, 1, 'Jan', 0, None, None]","[0, 1, '', 0, None, None]","[1, 1, 'Feb', 0, None, None]","[2, 1, 'Jan', 1, 'Standard visit under the WeBS Low Tide Count Survey', 'WeBS']","[1, 1, 'Feb', 0, None, None]","[0, 1, '', 0, None, None]","[0, 1, '', 0, None, None]","[1, 1, 'May', 0, None, None]","[1, 1, 'Oct', 0, None, None]","[0, 1, '', 0, None, None]","[0, 1, '', 0, None, None]","[0, 1, '', 0, None, None]","[0, 2, '', 0, None, None]","[0, 2, '', 0, None, None]","[0, 1, '', 0, None, None]","[0, 1, '', 0, None, None]","[0, 1, '', 0, None, None]","[0, 1, '', 0, None, None]","[0, 1, '', 0, None, None]","[0, 1, '', 0, None, None]","[1, 1, 'Oct', 0, None, None]","[0, 1, '', 0, None, None]","[0, 2, '', 0, None, None]","[0, 2, '', 0, None, None]","[0, 1, '', 0, None, None]","[0, 1, '', 0, None, None]","[0, 1, '', 0, None, None]",2020-01-19 18:07:45
Poole Harbour,nan,nan,nan,nan,nan,nan,nan,nan,nan,nan,nan,nan,nan,nan,nan,nan,nan,nan,nan,nan,nan,nan,nan,nan,nan,nan,nan,nan,nan,nan,nan,nan,nan,nan,nan,"[0, 1, '', 0, None, None]","[0, 1, '', 0, None, None]","[0, 1, '', 0, None, None]","[0, 1, '', 0, None, None]","[0, 1, '', 0, None, None]","[0, 1, '', 0, None, None]","[4, 1, 'Jan', 0, None, None]","[3, 1, 'Dec', 0, None, None]","[5, 1, 'Feb', 0, None, None]","[1, 1, 'Feb', 0, None, None]","[0, 1, '', 0, None, None]","[1, 2, 'Dec', 0, None, None]","[1, 1, 'Jan', 0, None, None]",nan,"[7, 1, 'Jan', 0, None, None]","[4, 1, 'Jan', 0, None, None]","[2, 1, 'Nov', 0, None, None]","[4, 1, 'Mar', 0, None, None]","[0, 1, '', 0, None, None]","[0, 2, '', 0, None, None]","[5, 1, 'Dec', 0, None, None]","[4, 1, 'Dec', 0, None, None]","[0, 1, '', 0, None, None]","[0, 2, '', 0, None, None]","[0, 1, '', 0, None, None]","[3, 1, 'Mar', 0, None, None]","[0, 1, '', 0, None, None]","[0, 1, '', 0, None, None]","[0, 1, '', 0, None, None]","[0, 1, '', 0, None, None]","[0, 1, '', 0, None, None]","[0, 1, '', 0, None, None]","[0, 1, '', 0, None, None]","[0, 1, '', 0, None, None]","[2, 1, 'Dec', 0, None, None]","[0, 1, '', 0, None, None]","[0, 1, '', 0, None, None]","[0, 1, '', 0, None, None]","[0, 1, '', 0, None, None]","[12, 1, 'Jan', 1, 'Standard visit under the WeBS Low Tide Count Survey', 'WeBS']","[0, 1, '', 0, None, None]","[0, 1, '', 0, None, None]","[0, 1, '', 0, None, None]","[0, 1, '', 0, None, None]","[0, 1, '', 0, None, None]","[0, 2, '', 0, None, None]","[0, 1, '', 0, None, None]","[0, 1, '', 0, None, None]",2020-01-19 18:07:45
Port Chiligaig,nan,nan,nan,nan,nan,nan,nan,nan,nan,nan,nan,nan,nan,nan,nan,nan,nan,nan,nan,nan,nan,nan,nan,nan,nan,nan,nan,nan,nan,nan,nan,nan,nan,nan,nan,nan,nan,nan,nan,nan,nan,nan,nan,nan,nan,nan,nan,nan,nan,nan,nan,nan,nan,nan,nan,nan,nan,nan,nan,nan,nan,nan,nan,nan,"[0, 2, '', 0, None, None]",nan,nan,nan,nan,"[0, 1, '', 0, None, None]","[0, 2, '', 0, None, None]","[0, 1, '', 0, None, None]","[5, 1, 'Feb', 0, None, None]","[0, 2, '', 0, None, None]","[0, 1, '', 0, None, None]","[0, 1, '', 0, None, None]","[0, 1, '', 0, None, None]","[0, 1, '', 0, None, None]","[0, 1, '', 0, None, None]","[0, 1, '', 0, None, None]","[0, 1, '', 0, None, None]","[0, 1, '', 0, None, None]","[0, 1, '', 0, None, None]",2020-01-19 18:07:45
Port St Mary Bay,nan,nan,nan,nan,nan,nan,nan,nan,nan,nan,nan,nan,nan,nan,nan,nan,nan,nan,nan,nan,nan,nan,nan,nan,nan,nan,nan,nan,nan,nan,nan,nan,nan,nan,nan,nan,nan,nan,nan,nan,nan,nan,nan,nan,nan,nan,nan,nan,nan,nan,nan,nan,nan,nan,nan,nan,nan,nan,nan,nan,nan,nan,nan,nan,nan,nan,nan,nan,nan,nan,nan,nan,nan,nan,nan,nan,nan,nan,nan,nan,nan,"[0, 1, '', 0, None, None]","[0, 1, '', 0, None, None]",2020-01-19 18:07:45
Portsmouth Harbour,nan,nan,nan,nan,nan,nan,nan,nan,nan,nan,nan,nan,nan,nan,nan,nan,nan,nan,nan,nan,nan,nan,nan,nan,nan,nan,nan,nan,nan,nan,nan,nan,nan,nan,nan,"[0, 1, '', 0, None, None]","[0, 1, '', 0, None, None]","[0, 1, '', 0, None, None]","[0, 2, '', 0, None, None]","[0, 1, '', 0, None, None]","[0, 1, '', 0, None, None]","[0, 1, '', 0, None, None]","[0, 1, '', 0, None, None]","[0, 1, '', 0, None, None]","[0, 1, '', 0, None, None]","[0, 1, '', 0, None, None]","[1, 1, 'Mar', 0, None, None]","[0, 1, '', 0, None, None]","[0, 1, '', 0, None, None]","[0, 1, '', 0, None, None]","[0, 1, '', 0, None, None]","[0, 1, '', 0, None, None]","[0, 1, '', 0, None, None]","[0, 1, '', 0, None, None]","[0, 2, '', 0, None, None]","[0, 1, '', 0, None, None]","[0, 1, '', 0, None, None]","[0, 1, '', 0, None, None]","[0, 2, '', 0, None, None]","[0, 1, '', 0, None, None]","[0, 1, '', 0, None, None]","[0, 1, '', 0, None, None]","[0, 1, '', 0, None, None]","[0, 2, '', 0, None, None]","[0, 2, '', 0, None, None]","[0, 1, '', 0, None, None]","[0, 1, '', 0, None, None]","[0, 2, '', 0, None, None]","[0, 1, '', 0, None, None]","[0, 1, '', 0, None, None]","[0, 1, '', 0, None, None]","[0, 1, '', 0, None, None]","[0, 1, '', 0, None, None]","[0, 2, '', 0, None, None]","[0, 2, '', 0, None, None]","[0, 1, '', 0, None, None]","[0, 2, '', 0, None, None]","[0, 2, '', 0, None, None]","[0, 1, '', 0, None, None]","[0, 2, '', 0, None, None]","[0, 1, '', 0, None, None]","[0, 2, '', 0, None, None]","[0, 2, '', 0, None, None]",2020-01-19 18:07:45
Rhossili Causeway,nan,nan,nan,nan,nan,nan,nan,nan,nan,nan,nan,nan,nan,nan,nan,nan,nan,nan,nan,nan,nan,nan,nan,nan,nan,nan,nan,nan,nan,nan,nan,nan,nan,nan,nan,nan,nan,nan,nan,nan,nan,nan,nan,nan,nan,nan,nan,nan,nan,nan,nan,nan,nan,nan,nan,nan,nan,nan,nan,nan,nan,nan,nan,nan,nan,nan,nan,nan,nan,nan,nan,nan,nan,nan,nan,nan,nan,nan,"[0, 1, '', 0, None, None]","[0, 1, '', 0, None, None]","[1, 1, 'Feb', 1, 'Supplementary visit under the  WeBS Core Count Survey', 'WeBS']","[0, 1, '', 0, None, None]","[0, 1, '', 0, None, None]",2020-01-19 18:07:45
Ribble Estuary,nan,nan,nan,nan,nan,nan,nan,nan,nan,nan,nan,nan,nan,nan,nan,nan,nan,nan,nan,nan,nan,nan,nan,nan,nan,nan,nan,nan,nan,nan,nan,nan,nan,nan,nan,"[0, 2, '', 0, None, None]","[0, 2, '', 0, None, None]","[1, 1, 'Oct', 0, None, None]","[1, 1, 'Aug', 0, None, None]","[1, 1, 'Jan', 0, None, None]","[0, 1, '', 0, None, None]","[0, 1, '', 0, None, None]","[0, 2, '', 0, None, None]","[0, 1, '', 0, None, None]","[0, 1, '', 0, None, None]","[0, 1, '', 0, None, None]","[0, 2, '', 0, None, None]","[0, 1, '', 0, None, None]","[0, 1, '', 0, None, None]","[0, 1, '', 0, None, None]","[0, 1, '', 0, None, None]","[0, 2, '', 0, None, None]","[0, 1, '', 0, None, None]","[0, 2, '', 0, None, None]","[0, 2, '', 0, None, None]","[0, 2, '', 0, None, None]","[0, 2, '', 0, None, None]","[0, 1, '', 0, None, None]","[0, 2, '', 0, None, None]","[0, 1, '', 0, None, None]","[0, 1, '', 0, None, None]","[0, 1, '', 0, None, None]","[0, 1, '', 0, None, None]","[0, 1, '', 0, None, None]","[0, 1, '', 0, None, None]","[0, 1, '', 0, None, None]","[0, 1, '', 0, None, None]","[0, 1, '', 0, None, None]","[0, 1, '', 0, None, None]","[0, 1, '', 0, None, None]","[0, 1, '', 0, None, None]","[0, 1, '', 0, None, None]","[0, 1, '', 0, None, None]","[0, 1, '', 0, None, None]","[0, 1, '', 0, None, None]","[0, 1, '', 0, None, None]","[0, 1, '', 0, None, None]","[142, 1, 'Jan', 0, None, None]","[0, 1, '', 0, None, None]","[0, 1, '', 0, None, None]","[0, 1, '', 0, None, None]","[0, 1, '', 0, None, None]","[0, 1, '', 0, None, None]",2020-01-19 18:07:45
Rigg Bay,nan,nan,nan,nan,nan,nan,nan,nan,nan,nan,nan,nan,nan,nan,nan,nan,nan,nan,nan,nan,nan,nan,nan,nan,nan,nan,nan,nan,nan,nan,nan,nan,nan,nan,nan,nan,nan,nan,nan,nan,nan,nan,nan,nan,nan,nan,nan,nan,nan,nan,nan,nan,nan,nan,nan,nan,nan,nan,nan,nan,"[0, 1, '', 0, None, None]",nan,nan,nan,nan,nan,nan,nan,nan,nan,nan,nan,nan,"[0, 1, '', 0, None, None]","[0, 1, '', 0, None, None]",nan,nan,nan,nan,nan,nan,"[0, 1, '', 0, None, None]",nan,2020-01-19 18:07:45
Sanday (Orkney),nan,nan,nan,nan,nan,nan,nan,nan,nan,nan,nan,nan,nan,nan,nan,nan,nan,nan,nan,nan,nan,nan,nan,nan,nan,nan,nan,nan,nan,nan,nan,nan,nan,nan,nan,nan,nan,nan,nan,nan,nan,nan,nan,nan,nan,nan,nan,nan,nan,nan,nan,nan,nan,nan,nan,nan,nan,nan,nan,nan,nan,nan,nan,nan,nan,nan,nan,nan,nan,nan,nan,"[35, 2, 'Mar', 0, None, None]","[164, 1, 'Mar', 0, None, None]","[130, 1, 'Feb', 0, None, None]","[80, 1, 'Mar', 0, None, None]",nan,nan,nan,nan,nan,"[0, 1, '', 0, None, None]",nan,"[0, 1, '', 0, None, None]",2020-01-19 18:07:45
Scalby Ness Sands to Long Nab,nan,nan,nan,nan,nan,nan,nan,nan,nan,nan,nan,nan,nan,nan,nan,nan,nan,nan,nan,nan,nan,nan,nan,nan,nan,nan,nan,nan,nan,nan,nan,nan,nan,nan,nan,nan,nan,nan,nan,nan,nan,nan,nan,nan,nan,nan,nan,nan,nan,nan,nan,nan,nan,nan,nan,nan,nan,nan,nan,nan,nan,nan,nan,nan,nan,nan,nan,nan,nan,nan,nan,nan,"[0, 1, '', 0, None, None]","[8, 1, 'Jan', 0, None, None]","[0, 1, '', 0, None, None]","[1, 1, 'Jan', 0, None, None]","[0, 1, '', 0, None, None]","[1, 1, 'Jan', 0, None, None]","[0, 1, '', 0, None, None]","[0, 1, '', 0, None, None]","[0, 1, '', 0, None, None]","[0, 1, '', 0, None, None]","[0, 1, '', 0, None, None]",2020-01-19 18:07:45
Severn Estuary (Welsh counties),nan,nan,nan,nan,nan,nan,nan,nan,nan,nan,nan,nan,nan,nan,nan,nan,nan,nan,nan,nan,nan,nan,nan,nan,nan,nan,nan,nan,nan,nan,nan,nan,nan,nan,nan,"[0, 1, '', 0, None, None]","[0, 1, '', 0, None, None]","[0, 1, '', 0, None, None]","[0, 1, '', 0, None, None]","[1, 1, 'Dec', 0, None, None]","[0, 1, '', 0, None, None]","[0, 1, '', 0, None, None]","[0, 2, '', 0, None, None]","[0, 2, '', 0, None, None]","[0, 1, '', 0, None, None]","[0, 1, '', 0, None, None]","[0, 1, '', 0, None, None]","[0, 1, '', 0, None, None]","[0, 1, '', 0, None, None]","[0, 1, '', 0, None, None]","[0, 2, '', 0, None, None]","[0, 2, '', 0, None, None]","[0, 2, '', 0, None, None]","[0, 2, '', 0, None, None]","[1, 2, 'Mar', 0, None, None]","[0, 2, '', 0, None, None]","[0, 2, '', 0, None, None]","[0, 2, '', 0, None, None]","[0, 2, '', 0, None, None]","[0, 1, '', 0, None, None]","[0, 1, '', 0, None, None]","[0, 1, '', 0, None, None]","[0, 1, '', 0, None, None]","[0, 1, '', 0, None, None]","[0, 1, '', 0, None, None]","[0, 1, '', 0, None, None]","[0, 1, '', 0, None, None]","[0, 1, '', 0, None, None]","[0, 1, '', 0, None, None]","[0, 1, '', 0, None, None]","[1, 1, 'Feb', 0, None, None]","[0, 1, '', 0, None, None]","[0, 1, '', 0, None, None]","[0, 1, '', 0, None, None]","[0, 1, '', 0, None, None]","[0, 1, '', 0, None, None]","[0, 1, '', 0, None, None]","[0, 1, '', 0, None, None]","[0, 1, '', 0, None, None]","[0, 1, '', 0, None, None]","[0, 1, '', 0, None, None]","[0, 1, '', 0, None, None]","[0, 1, '', 0, None, None]",2020-01-19 18:07:45
Slapton Ley,nan,nan,nan,nan,nan,nan,nan,nan,nan,nan,nan,nan,nan,nan,nan,nan,nan,nan,nan,nan,nan,nan,nan,nan,nan,nan,nan,nan,nan,nan,nan,nan,nan,nan,nan,nan,nan,nan,nan,nan,nan,nan,nan,nan,nan,nan,nan,nan,nan,nan,nan,nan,nan,nan,nan,nan,nan,nan,"[0, 1, '', 0, None, None]","[0, 1, '', 0, None, None]","[0, 1, '', 0, None, None]","[2, 1, 'Oct', 0, None, None]","[0, 1, '', 0, None, None]","[0, 1, '', 0, None, None]","[0, 1, '', 0, None, None]",nan,"[0, 1, '', 0, None, None]","[0, 1, '', 0, None, None]","[0, 1, '', 0, None, None]","[0, 1, '', 0, None, None]","[0, 1, '', 0, None, None]","[0, 1, '', 0, None, None]","[0, 1, '', 0, None, None]","[0, 1, '', 0, None, None]","[0, 1, '', 0, None, None]","[0, 1, '', 0, None, None]","[0, 1, '', 0, None, None]","[0, 2, '', 0, None, None]","[0, 1, '', 0, None, None]","[0, 1, '', 0, None, None]","[0, 1, '', 0, None, None]","[0, 1, '', 0, None, None]","[0, 1, '', 0, None, None]",2020-01-19 18:07:45
Solway Estuary (English counties),nan,nan,nan,nan,nan,nan,nan,nan,nan,nan,nan,nan,nan,nan,nan,nan,nan,nan,nan,nan,nan,nan,nan,nan,nan,nan,nan,nan,nan,nan,nan,nan,nan,nan,nan,"[0, 1, '', 0, None, None]","[0, 1, '', 0, None, None]","[0, 1, '', 0, None, None]","[0, 1, 'Mar', 0, None, None]","[0, 1, 'Sep', 0, None, None]","[0, 1, 'Jan', 0, None, None]","[0, 1, 'Oct', 0, None, None]",nan,nan,nan,"[0, 2, '', 0, None, None]","[0, 1, '', 0, None, None]","[0, 1, '', 0, None, None]","[0, 1, 'Jan', 0, None, None]","[0, 1, 'Dec', 0, None, None]","[0, 1, 'Feb', 0, None, None]","[1, 2, 'Oct', 0, None, None]","[0, 2, 'Nov', 0, None, None]","[0, 1, '', 0, None, None]","[0, 1, '', 0, None, None]","[0, 2, 'Jan', 0, None, None]","[0, 2, 'Feb', 0, None, None]","[0, 1, '', 0, None, None]","[0, 1, '', 0, None, None]","[0, 1, '', 0, None, None]","[0, 1, '', 0, None, None]","[0, 1, 'Mar', 0, None, None]","[0, 1, '', 0, None, None]","[0, 1, 'Mar', 0, None, None]","[1, 1, 'Mar', 0, None, None]","[0, 1, '', 0, None, None]","[0, 1, '', 0, None, None]","[0, 1, 'Jan', 0, None, None]","[0, 1, '', 0, None, None]","[0, 1, '', 0, None, None]","[0, 1, 'Dec', 0, None, None]","[0, 1, 'Mar', 0, None, None]","[0, 1, '', 0, None, None]","[0, 1, '', 0, None, None]","[0, 1, '', 0, None, None]","[0, 1, '', 0, None, None]","[0, 1, 'Dec', 0, None, None]","[0, 1, 'Jan', 0, None, None]","[0, 1, 'Jan', 0, None, None]","[0, 1, 'Jan', 0, None, None]","[0, 1, 'Feb', 0, None, None]","[0, 1, '', 0, None, None]","[0, 1, '', 0, None, None]",2020-01-19 18:07:45
Sound of Gigha,nan,nan,nan,nan,nan,nan,nan,nan,nan,nan,nan,nan,nan,nan,nan,nan,nan,nan,nan,nan,nan,nan,nan,nan,nan,nan,nan,nan,nan,nan,nan,nan,nan,nan,nan,nan,nan,nan,nan,nan,nan,nan,nan,nan,nan,nan,nan,nan,nan,nan,nan,nan,nan,nan,nan,nan,nan,nan,nan,nan,nan,nan,nan,nan,nan,nan,nan,nan,nan,nan,nan,nan,nan,"[2, 1, 'Mar', 0, None, None]","[1, 1, 'Apr', 0, None, None]","[4, 1, 'Mar', 0, None, None]","[0, 1, '', 0, None, None]","[0, 1, '', 0, None, None]","[0, 1, '', 0, None, None]","[1, 2, 'Mar', 0, None, None]",nan,"[0, 1, '', 0, None, None]",nan,2020-01-19 18:07:45
South Ford,nan,nan,nan,nan,nan,nan,nan,nan,nan,nan,nan,nan,nan,nan,nan,nan,nan,nan,nan,nan,nan,nan,nan,nan,nan,nan,nan,nan,nan,nan,nan,nan,nan,nan,nan,nan,nan,nan,nan,nan,nan,nan,nan,nan,nan,nan,nan,nan,nan,nan,nan,nan,nan,nan,nan,nan,nan,nan,nan,nan,nan,nan,nan,nan,"[12, 1, 'Feb', 0, None, None]","[0, 1, '', 0, None, None]","[0, 1, '', 0, None, None]","[1, 1, 'Dec', 0, None, None]","[10, 1, 'Dec', 0, None, None]","[10, 1, 'Dec', 0, None, None]","[3, 1, 'Dec', 0, None, None]","[0, 1, '', 0, None, None]","[60, 1, 'Mar', 0, None, None]","[0, 1, '', 0, None, None]",nan,"[0, 1, '', 0, None, None]","[0, 1, '', 0, None, None]","[0, 1, '', 0, None, None]","[0, 1, '', 0, None, None]","[0, 1, '', 0, None, None]","[0, 2, '', 0, None, None]","[0, 1, '', 0, None, None]","[0, 1, '', 0, None, None]",2020-01-19 18:07:45
Southampton Water,nan,nan,nan,nan,nan,nan,nan,nan,nan,nan,nan,nan,nan,nan,nan,nan,nan,nan,nan,nan,nan,nan,nan,nan,nan,nan,nan,nan,nan,nan,nan,nan,nan,nan,nan,"[0, 2, '', 0, None, None]","[1, 2, 'Sep', 0, None, None]","[0, 1, '', 0, None, None]","[1, 1, 'Oct', 0, None, None]","[0, 1, '', 0, None, None]","[0, 2, '', 0, None, None]","[0, 2, '', 0, None, None]","[0, 1, '', 0, None, None]","[0, 1, '', 0, None, None]","[0, 1, '', 0, None, None]","[0, 1, '', 0, None, None]","[0, 1, '', 0, None, None]","[0, 1, '', 0, None, None]","[0, 1, '', 0, None, None]","[0, 2, '', 0, None, None]","[0, 1, '', 0, None, None]","[0, 1, '', 0, None, None]","[0, 2, '', 0, None, None]","[0, 2, '', 0, None, None]","[0, 2, '', 0, None, None]","[0, 1, '', 0, None, None]","[0, 2, '', 0, None, None]","[0, 2, '', 0, None, None]","[0, 2, '', 0, None, None]","[0, 1, '', 0, None, None]","[2, 1, 'Jan', 0, None, None]","[1, 1, 'Dec', 0, None, None]","[1, 1, 'Nov', 0, None, None]","[0, 1, '', 0, None, None]","[0, 1, '', 0, None, None]","[0, 1, '', 0, None, None]","[0, 1, '', 0, None, None]","[0, 1, '', 0, None, None]","[0, 1, '', 0, None, None]","[0, 1, '', 0, None, None]","[0, 1, '', 0, None, None]","[0, 1, '', 0, None, None]","[1, 1, 'Feb', 0, None, None]","[1, 1, 'Dec', 0, None, None]","[0, 1, '', 0, None, None]","[0, 1, '', 0, None, None]","[0, 1, '', 0, None, None]","[0, 1, '', 0, None, None]","[0, 1, '', 0, None, None]","[0, 1, '', 0, None, None]","[1, 1, 'Feb', 0, None, None]","[0, 1, '', 0, None, None]","[0, 1, '', 0, None, None]",2020-01-19 18:07:45
"Sovereign Harbour, Langney",nan,nan,nan,nan,nan,nan,nan,nan,nan,nan,nan,nan,nan,nan,nan,nan,nan,nan,nan,nan,nan,nan,nan,nan,nan,nan,nan,nan,nan,nan,nan,nan,nan,nan,nan,nan,nan,nan,nan,nan,nan,nan,nan,nan,nan,nan,nan,nan,nan,nan,nan,nan,nan,nan,nan,nan,nan,nan,"[0, 1, '', 0, None, None]","[2, 1, 'Jan', 0, None, None]","[0, 1, '', 0, None, None]","[0, 1, '', 0, None, None]","[0, 1, '', 0, None, None]",nan,nan,"[0, 1, '', 0, None, None]","[0, 1, '', 0, None, None]","[0, 1, '', 0, None, None]","[1, 1, 'Nov', 0, None, None]",nan,"[0, 1, '', 0, None, None]","[0, 1, '', 0, None, None]","[0, 1, '', 0, None, None]","[0, 1, '', 0, None, None]",nan,nan,nan,nan,nan,nan,"[0, 1, '', 0, None, None]",nan,"[0, 1, '', 0, None, None]",2020-01-19 18:07:45
St Ives - St Ives Head to Porthminster Point,nan,nan,nan,nan,nan,nan,nan,nan,nan,nan,nan,nan,nan,nan,nan,nan,nan,nan,nan,nan,nan,nan,nan,nan,nan,nan,nan,nan,nan,nan,nan,nan,nan,nan,nan,nan,nan,nan,nan,nan,nan,nan,nan,nan,nan,nan,nan,nan,nan,nan,nan,nan,nan,nan,nan,nan,nan,nan,nan,nan,nan,nan,nan,nan,nan,nan,nan,nan,nan,nan,nan,nan,nan,nan,nan,nan,nan,nan,"[1, 1, 'Nov', 0, None, None]","[0, 1, '', 0, None, None]","[0, 1, '', 0, None, None]","[0, 1, '', 0, None, None]","[0, 1, '', 0, None, None]",2020-01-19 18:07:45
St Michaels Mount,nan,nan,nan,nan,nan,nan,nan,nan,nan,nan,nan,nan,nan,nan,nan,nan,nan,nan,nan,nan,nan,nan,nan,nan,nan,nan,nan,nan,nan,nan,nan,nan,nan,nan,nan,nan,nan,nan,nan,nan,nan,nan,nan,nan,nan,nan,nan,nan,nan,nan,nan,nan,nan,nan,nan,nan,nan,nan,nan,nan,nan,nan,nan,nan,nan,nan,nan,nan,nan,nan,nan,nan,nan,nan,nan,nan,nan,"[1, 1, 'Mar', 0, None, None]","[0, 1, '', 0, None, None]","[1, 1, 'Feb', 0, None, None]","[0, 1, '', 0, None, None]",nan,nan,2020-01-19 18:07:45
Strandhall,nan,nan,nan,nan,nan,nan,nan,nan,nan,nan,nan,nan,nan,nan,nan,nan,nan,nan,nan,nan,nan,nan,nan,nan,nan,nan,nan,nan,nan,nan,nan,nan,nan,nan,nan,nan,nan,nan,nan,nan,nan,nan,nan,nan,nan,nan,nan,nan,nan,nan,nan,nan,nan,nan,nan,nan,nan,nan,"[0, 1, '', 0, None, None]","[0, 1, '', 0, None, None]","[0, 2, '', 0, None, None]","[0, 2, '', 0, None, None]","[0, 1, '', 0, None, None]","[0, 1, '', 0, None, None]",nan,nan,nan,nan,nan,nan,"[1, 1, 'Oct', 0, None, None]",nan,nan,nan,nan,nan,nan,nan,nan,nan,"[0, 1, '', 0, None, None]","[0, 1, '', 0, None, None]","[0, 1, '', 0, None, None]",2020-01-19 18:07:45
Strangford Lough,nan,nan,nan,nan,nan,nan,nan,nan,nan,nan,nan,nan,nan,nan,nan,nan,nan,nan,nan,nan,nan,nan,nan,nan,nan,nan,nan,nan,nan,nan,nan,nan,nan,nan,nan,"[0, 1, '', 0, None, None]","[0, 1, '', 0, None, None]","[0, 1, '', 0, None, None]",nan,"[0, 1, '', 0, None, None]","[0, 1, '', 0, None, None]","[0, 1, '', 0, None, None]","[0, 1, '', 0, None, None]","[0, 1, '', 0, None, None]","[0, 1, '', 0, None, None]","[0, 1, '', 0, None, None]","[0, 1, '', 0, None, None]","[0, 1, '', 0, None, None]","[0, 1, '', 0, None, None]","[0, 1, '', 0, None, None]","[0, 1, '', 0, None, None]","[0, 1, '', 0, None, None]","[0, 1, '', 0, None, None]","[0, 1, '', 0, None, None]","[0, 1, '', 0, None, None]","[0, 1, '', 0, None, None]","[0, 1, '', 0, None, None]","[0, 1, '', 0, None, None]","[3, 1, 'Jan', 0, None, None]","[1, 1, 'Dec', 1, 'Standard visit under the WeBS Low Tide Count Survey', 'WeBS']","[1, 1, 'Jan', 1, 'Standard visit under the WeBS Low Tide Count Survey', 'WeBS']","[13, 1, 'Dec', 1, 'Standard visit under the WeBS Low Tide Count Survey', 'WeBS']","[11, 1, 'Feb', 1, 'Standard visit under the WeBS Low Tide Count Survey', 'WeBS']","[0, 1, '', 0, None, None]","[0, 1, '', 0, None, None]","[5, 1, 'Dec', 1, 'Standard visit under the WeBS Low Tide Count Survey', 'WeBS']","[0, 1, '', 0, None, None]","[13, 1, 'Feb', 0, None, None]","[2, 1, 'Nov', 1, 'Standard visit under the WeBS Low Tide Count Survey', 'WeBS']","[17, 1, 'Dec', 0, None, None]","[6, 1, 'Feb', 0, None, None]","[0, 1, '', 0, None, None]","[18, 1, 'Jan', 1, 'Standard visit under the WeBS Low Tide Count Survey', 'WeBS']","[23, 1, 'Jan', 1, 'Supplementary visit under the  WeBS Core Count Survey', 'WeBS']","[9, 1, 'Nov', 1, 'Standard visit under the WeBS Low Tide Count Survey', 'WeBS']","[0, 1, '', 0, None, None]","[2, 1, 'Jan', 0, None, None]","[7, 1, 'Dec', 0, None, None]","[0, 1, '', 0, None, None]","[0, 1, '', 0, None, None]","[0, 1, '', 0, None, None]","[1, 1, 'Feb', 0, None, None]","[0, 1, '', 0, None, None]",2020-01-19 18:07:45
Tamar Complex,nan,nan,nan,nan,nan,nan,nan,nan,nan,nan,nan,nan,nan,nan,nan,nan,nan,nan,nan,nan,nan,nan,nan,nan,nan,nan,nan,nan,nan,nan,nan,nan,nan,nan,nan,"[0, 1, '', 0, None, None]","[0, 1, '', 0, None, None]","[0, 1, '', 0, None, None]","[0, 1, '', 0, None, None]","[0, 1, '', 0, None, None]","[0, 1, '', 0, None, None]","[0, 1, '', 0, None, None]","[0, 1, '', 0, None, None]","[0, 1, '', 0, None, None]","[0, 1, '', 0, None, None]","[0, 1, '', 0, None, None]","[0, 1, '', 0, None, None]","[0, 1, '', 0, None, None]","[0, 1, '', 0, None, None]","[0, 1, '', 0, None, None]","[0, 1, '', 0, None, None]","[0, 1, '', 0, None, None]","[0, 1, '', 0, None, None]","[0, 1, '', 0, None, None]","[0, 1, '', 0, None, None]","[0, 1, '', 0, None, None]","[0, 1, '', 0, None, None]","[0, 1, '', 0, None, None]","[0, 2, '', 0, None, None]","[1, 1, 'Nov', 0, None, None]","[0, 1, '', 0, None, None]","[0, 1, '', 0, None, None]","[0, 1, '', 0, None, None]","[0, 1, '', 0, None, None]","[0, 1, '', 0, None, None]","[0, 1, '', 0, None, None]","[0, 1, '', 0, None, None]","[0, 1, '', 0, None, None]","[0, 1, '', 0, None, None]","[0, 1, '', 0, None, None]","[0, 1, '', 0, None, None]","[0, 1, '', 0, None, None]","[0, 1, '', 0, None, None]","[0, 1, '', 0, None, None]","[0, 1, '', 0, None, None]","[0, 1, '', 0, None, None]","[0, 1, '', 0, None, None]","[0, 1, '', 0, None, None]","[0, 1, '', 0, None, None]","[0, 1, '', 0, None, None]","[0, 1, '', 0, None, None]","[0, 1, '', 0, None, None]","[0, 1, '', 0, None, None]",2020-01-19 18:07:45
Taw-Torridge Estuary,nan,nan,nan,nan,nan,nan,nan,nan,nan,nan,nan,nan,nan,nan,nan,nan,nan,nan,nan,nan,nan,nan,nan,nan,nan,nan,nan,nan,nan,nan,nan,nan,nan,nan,nan,"[0, 2, '', 0, None, None]","[0, 2, '', 0, None, None]","[0, 2, '', 0, None, None]","[0, 1, '', 0, None, None]","[0, 1, '', 0, None, None]","[0, 1, '', 0, None, None]","[0, 1, '', 0, None, None]","[0, 1, '', 0, None, None]","[0, 1, '', 0, None, None]","[0, 1, '', 0, None, None]","[0, 1, '', 0, None, None]","[1, 2, 'Dec', 0, None, None]","[0, 1, '', 0, None, None]","[0, 1, '', 0, None, None]","[0, 2, '', 0, None, None]","[0, 2, '', 0, None, None]","[0, 2, '', 0, None, None]","[0, 2, '', 0, None, None]","[0, 2, '', 0, None, None]","[0, 2, '', 0, None, None]","[0, 2, '', 0, None, None]","[0, 2, '', 0, None, None]","[0, 2, '', 0, None, None]","[0, 2, '', 0, None, None]","[0, 1, '', 0, None, None]","[0, 1, '', 0, None, None]","[0, 1, '', 0, None, None]","[0, 1, '', 0, None, None]","[0, 1, '', 0, None, None]","[0, 1, '', 0, None, None]","[0, 1, '', 0, None, None]","[0, 1, '', 0, None, None]","[0, 1, '', 0, None, None]","[0, 1, '', 0, None, None]","[0, 1, '', 0, None, None]","[1, 1, 'Nov', 0, None, None]","[0, 1, '', 0, None, None]","[10, 1, 'Jan', 0, None, None]","[0, 1, '', 0, None, None]","[0, 1, '', 0, None, None]","[0, 1, '', 0, None, None]","[0, 1, '', 0, None, None]","[0, 1, '', 0, None, None]","[0, 1, '', 0, None, None]","[0, 1, '', 0, None, None]","[0, 1, '', 0, None, None]","[0, 1, '', 0, None, None]","[0, 1, '', 0, None, None]",2020-01-19 18:07:45
Taw-Torridge Estuary to Somerset border,nan,nan,nan,nan,nan,nan,nan,nan,nan,nan,nan,nan,nan,nan,nan,nan,nan,nan,nan,nan,nan,nan,nan,nan,nan,nan,nan,nan,nan,nan,nan,nan,nan,nan,nan,nan,nan,nan,nan,nan,nan,nan,nan,nan,nan,nan,nan,nan,nan,nan,nan,nan,nan,nan,nan,nan,nan,nan,nan,nan,nan,nan,nan,nan,nan,nan,nan,nan,nan,nan,nan,"[1, 1, 'Jan', 0, None, None]","[2, 1, 'Feb', 0, None, None]","[0, 1, '', 0, None, None]","[0, 1, '', 0, None, None]","[0, 1, '', 0, None, None]","[0, 2, '', 0, None, None]","[1, 1, 'Nov', 0, None, None]","[0, 1, '', 0, None, None]",nan,nan,nan,nan,2020-01-19 18:07:45
Tay Estuary,nan,nan,nan,nan,nan,nan,nan,nan,nan,nan,nan,nan,nan,nan,nan,nan,nan,nan,nan,nan,nan,nan,nan,nan,nan,nan,nan,nan,nan,nan,nan,nan,nan,nan,nan,"[0, 1, '', 0, None, None]","[0, 1, '', 0, None, None]","[0, 1, '', 0, None, None]","[0, 1, '', 0, None, None]","[0, 1, '', 0, None, None]","[0, 1, '', 0, None, None]","[0, 1, '', 0, None, None]","[0, 1, '', 0, None, None]","[0, 1, '', 0, None, None]","[0, 1, '', 0, None, None]","[0, 1, '', 0, None, None]","[0, 1, '', 0, None, None]","[0, 1, '', 0, None, None]","[0, 1, '', 0, None, None]","[40, 1, 'Nov', 0, None, None]","[0, 1, '', 0, None, None]","[3, 1, 'Nov', 0, None, None]","[0, 1, '', 0, None, None]","[0, 2, '', 0, None, None]","[0, 1, '', 0, None, None]","[0, 1, '', 0, None, None]","[0, 1, '', 0, None, None]","[0, 1, '', 0, None, None]","[0, 1, '', 0, None, None]","[0, 1, '', 0, None, None]","[0, 1, '', 0, None, None]","[0, 1, '', 0, None, None]","[0, 1, '', 0, None, None]","[0, 1, '', 0, None, None]","[0, 1, '', 0, None, None]","[0, 1, '', 0, None, None]","[0, 1, '', 0, None, None]","[0, 1, '', 0, None, None]","[0, 1, '', 0, None, None]","[0, 1, '', 0, None, None]","[0, 1, '', 0, None, None]","[0, 1, '', 0, None, None]","[0, 1, '', 0, None, None]","[0, 1, '', 0, None, None]","[0, 1, '', 0, None, None]","[0, 1, '', 0, None, None]","[0, 1, '', 0, None, None]","[0, 2, '', 0, None, None]","[0, 1, '', 0, None, None]","[0, 1, '', 0, None, None]","[0, 1, '', 0, None, None]","[0, 1, '', 0, None, None]","[0, 1, '', 0, None, None]",2020-01-19 18:07:45
Teifi Estuary,nan,nan,nan,nan,nan,nan,nan,nan,nan,nan,nan,nan,nan,nan,nan,nan,nan,nan,nan,nan,nan,nan,nan,nan,nan,nan,nan,nan,nan,nan,nan,nan,nan,nan,nan,nan,nan,nan,nan,nan,nan,nan,nan,nan,nan,nan,nan,"[0, 1, '', 0, None, None]","[0, 1, '', 0, None, None]","[0, 1, '', 0, None, None]","[0, 1, '', 0, None, None]","[0, 1, '', 0, None, None]","[0, 1, '', 0, None, None]","[0, 1, '', 0, None, None]","[0, 1, '', 0, None, None]","[0, 1, '', 0, None, None]","[0, 1, '', 0, None, None]","[0, 1, '', 0, None, None]","[0, 1, '', 0, None, None]","[0, 1, '', 0, None, None]","[0, 1, '', 0, None, None]","[0, 1, '', 0, None, None]","[0, 1, '', 0, None, None]","[0, 1, '', 0, None, None]","[0, 2, '', 0, None, None]","[0, 1, '', 0, None, None]","[0, 1, '', 0, None, None]","[0, 1, '', 0, None, None]","[0, 1, '', 0, None, None]","[0, 1, '', 0, None, None]","[0, 1, '', 0, None, None]","[0, 1, '', 0, None, None]","[0, 1, '', 0, None, None]","[0, 1, '', 0, None, None]","[0, 1, '', 0, None, None]","[0, 1, '', 0, None, None]","[0, 1, '', 0, None, None]","[0, 1, '', 0, None, None]","[0, 1, '', 0, None, None]","[0, 1, '', 0, None, None]","[0, 1, '', 0, None, None]","[0, 1, '', 0, None, None]","[2, 1, 'Jan', 0, None, None]",2020-01-19 18:07:45
Thames Estuary,nan,nan,nan,nan,nan,nan,nan,nan,nan,nan,nan,nan,nan,nan,nan,nan,nan,nan,nan,nan,nan,nan,nan,nan,nan,nan,nan,nan,nan,nan,nan,nan,nan,nan,nan,"[0, 2, '', 0, None, None]","[0, 2, '', 0, None, None]","[0, 1, '', 0, None, None]","[0, 1, '', 0, None, None]","[1, 1, 'Apr', 0, None, None]","[4, 1, 'Nov', 0, None, None]","[0, 1, '', 0, None, None]","[1, 1, 'Sep', 0, None, None]","[1, 1, 'Jan', 0, None, None]","[0, 1, '', 0, None, None]","[0, 1, '', 0, None, None]","[1, 1, 'Feb', 0, None, None]","[0, 2, '', 0, None, None]","[1, 1, 'Sep', 0, None, None]","[0, 1, '', 0, None, None]","[1, 1, 'Nov', 0, None, None]","[1, 1, 'Nov', 0, None, None]","[0, 1, '', 0, None, None]","[1, 1, 'Sep', 0, None, None]","[0, 2, '', 0, None, None]","[0, 1, '', 0, None, None]","[1, 1, 'Jan', 0, None, None]","[2, 1, 'Dec', 0, None, None]","[1, 1, 'Jan', 0, None, None]","[3, 1, 'Oct', 0, None, None]","[0, 1, '', 0, None, None]","[0, 1, '', 0, None, None]","[0, 1, '', 0, None, None]","[0, 1, '', 0, None, None]","[1, 1, 'Mar', 0, None, None]","[0, 1, '', 0, None, None]","[0, 1, '', 0, None, None]","[0, 1, '', 0, None, None]","[0, 1, '', 0, None, None]","[2, 1, 'Nov', 0, None, None]","[2, 1, 'Dec', 0, None, None]","[3, 1, 'Feb', 0, None, None]","[6, 1, 'Nov', 0, None, None]","[1, 1, 'Nov', 0, None, None]","[1, 1, 'Jan', 0, None, None]","[1, 1, 'Nov', 0, None, None]","[1, 1, 'Jan', 0, None, None]","[0, 1, '', 0, None, None]","[1, 1, 'Nov', 0, None, None]","[0, 1, '', 0, None, None]","[0, 1, '', 0, None, None]","[0, 1, '', 0, None, None]","[0, 1, '', 0, None, None]",2020-01-19 18:07:45
The Ouse and Lairo Water,nan,nan,nan,nan,nan,nan,nan,nan,nan,nan,nan,nan,nan,nan,nan,nan,nan,nan,nan,nan,nan,nan,nan,nan,nan,nan,nan,nan,nan,nan,nan,nan,nan,nan,nan,nan,nan,nan,nan,nan,nan,nan,nan,nan,nan,nan,nan,nan,nan,nan,nan,nan,nan,nan,nan,nan,"[0, 1, '', 0, None, None]","[0, 1, '', 0, None, None]","[0, 1, '', 0, None, None]","[0, 1, '', 0, None, None]","[0, 1, '', 0, None, None]","[0, 1, '', 0, None, None]","[0, 1, '', 0, None, None]","[0, 1, '', 0, None, None]","[0, 1, '', 0, None, None]","[5, 1, 'Jan', 0, None, None]","[0, 1, '', 0, None, None]","[0, 1, '', 0, None, None]","[0, 1, '', 0, None, None]","[0, 1, '', 0, None, None]","[0, 1, '', 0, None, None]","[0, 1, '', 0, None, None]","[0, 1, '', 0, None, None]","[0, 1, '', 0, None, None]","[0, 1, '', 0, None, None]","[0, 1, '', 0, None, None]","[0, 1, '', 0, None, None]","[0, 1, '', 0, None, None]","[0, 1, '', 0, None, None]","[0, 1, '', 0, None, None]","[0, 1, '', 0, None, None]","[0, 1, '', 0, None, None]","[0, 1, '', 0, None, None]",2020-01-19 18:07:45
The Wash,nan,nan,nan,nan,nan,nan,nan,nan,nan,nan,nan,nan,nan,nan,nan,nan,nan,nan,nan,nan,nan,nan,nan,nan,nan,nan,nan,nan,nan,nan,nan,nan,nan,nan,nan,"[1, 1, 'Sep', 0, None, None]","[0, 1, '', 0, None, None]","[5, 1, 'Mar', 0, None, None]","[6, 1, 'Nov', 0, None, None]","[6, 1, 'Jan', 0, None, None]","[4, 1, 'Jan', 0, None, None]","[7, 1, 'Dec', 0, None, None]","[4, 1, 'Dec', 0, None, None]","[0, 2, '', 0, None, None]","[7, 1, 'Jan', 0, None, None]","[0, 1, '', 0, None, None]","[2, 1, 'Feb', 0, None, None]","[1, 1, 'Jan', 0, None, None]","[0, 1, '', 0, None, None]","[3, 1, 'Nov', 0, None, None]","[38, 1, 'Dec', 0, None, None]","[19, 1, 'Feb', 0, None, None]","[28, 1, 'Feb', 0, None, None]","[22, 1, 'Jan', 0, None, None]","[11, 1, 'Nov', 0, None, None]","[18, 1, 'Feb', 0, None, None]","[12, 1, 'Feb', 0, None, None]","[12, 1, 'Nov', 0, None, None]","[16, 1, 'Feb', 0, None, None]","[14, 1, 'Jan', 0, None, None]","[12, 1, 'Feb', 0, None, None]","[6, 1, 'Nov', 0, None, None]","[6, 1, 'Feb', 0, None, None]","[6, 1, 'Feb', 0, None, None]","[4, 1, 'Feb', 0, None, None]","[3, 1, 'Nov', 0, None, None]","[2, 1, 'Mar', 0, None, None]","[2, 1, 'Dec', 0, None, None]","[2, 1, 'Oct', 0, None, None]","[1, 1, 'Sep', 0, None, None]","[0, 1, '', 0, None, None]","[0, 1, '', 0, None, None]","[2, 1, 'Jan', 0, None, None]","[2, 1, 'Nov', 0, None, None]","[1, 1, 'Nov', 0, None, None]","[0, 1, '', 0, None, None]","[1, 1, 'Aug', 0, None, None]","[1, 1, 'Dec', 0, None, None]","[0, 1, '', 0, None, None]","[0, 1, '', 0, None, None]","[0, 1, '', 0, None, None]","[1, 1, 'Dec', 0, None, None]","[0, 1, '', 0, None, None]",2020-01-19 18:07:45
Thurlestone Bay: Loam Castle-Beacon Point,nan,nan,nan,nan,nan,nan,nan,nan,nan,nan,nan,nan,nan,nan,nan,nan,nan,nan,nan,nan,nan,nan,nan,nan,nan,nan,nan,nan,nan,nan,nan,nan,nan,nan,nan,nan,nan,nan,nan,nan,nan,nan,nan,nan,nan,nan,nan,nan,nan,nan,nan,nan,nan,nan,nan,nan,nan,nan,nan,nan,nan,nan,nan,nan,nan,nan,nan,nan,nan,nan,nan,nan,nan,nan,nan,nan,"[3, 1, 'Mar', 0, None, None]","[0, 1, '', 0, None, None]","[0, 1, '', 0, None, None]","[1, 1, 'Mar', 0, None, None]","[0, 1, '', 0, None, None]","[0, 1, '', 0, None, None]","[0, 1, '', 0, None, None]",2020-01-19 18:07:45
Toft Newton Reservoir,nan,nan,nan,nan,nan,nan,nan,nan,nan,nan,nan,nan,nan,nan,nan,nan,nan,nan,nan,nan,nan,nan,nan,nan,nan,nan,nan,nan,nan,nan,nan,nan,nan,nan,nan,nan,nan,nan,nan,nan,nan,nan,nan,nan,nan,nan,nan,nan,nan,nan,nan,nan,nan,nan,nan,nan,nan,nan,nan,"[0, 1, '', 0, None, None]","[0, 1, '', 0, None, None]","[0, 1, '', 0, None, None]","[0, 1, '', 0, None, None]","[0, 1, '', 0, None, None]","[0, 1, '', 0, None, None]","[0, 1, '', 0, None, None]","[1, 1, 'Nov', 0, None, None]","[0, 1, '', 0, None, None]","[0, 1, '', 0, None, None]","[0, 1, '', 0, None, None]","[0, 1, '', 0, None, None]","[0, 1, '', 0, None, None]","[0, 1, '', 0, None, None]","[0, 1, '', 0, None, None]","[0, 1, '', 0, None, None]","[0, 1, '', 0, None, None]","[0, 1, '', 0, None, None]","[0, 1, '', 0, None, None]","[0, 1, '', 0, None, None]","[0, 1, '', 0, None, None]","[0, 1, '', 0, None, None]","[0, 1, '', 0, None, None]","[0, 1, '', 0, None, None]",2020-01-19 18:07:45
Towyn to Llanddulas,nan,nan,nan,nan,nan,nan,nan,nan,nan,nan,nan,nan,nan,nan,nan,nan,nan,nan,nan,nan,nan,nan,nan,nan,nan,nan,nan,nan,nan,nan,nan,nan,nan,nan,nan,nan,nan,nan,nan,nan,nan,nan,nan,nan,nan,nan,nan,nan,nan,nan,nan,nan,nan,nan,nan,nan,"[0, 1, '', 0, None, None]",nan,"[1, 1, 'May', 0, None, None]","[0, 1, '', 0, None, None]","[0, 1, '', 0, None, None]","[0, 2, '', 0, None, None]","[0, 1, '', 0, None, None]","[0, 1, '', 0, None, None]","[0, 1, '', 0, None, None]","[0, 2, '', 0, None, None]","[0, 1, '', 0, None, None]","[0, 1, '', 0, None, None]","[0, 1, '', 0, None, None]","[0, 1, '', 0, None, None]","[0, 1, '', 0, None, None]","[0, 1, '', 0, None, None]","[0, 1, '', 0, None, None]","[0, 1, '', 0, None, None]","[0, 1, '', 0, None, None]","[0, 1, '', 0, None, None]","[0, 1, '', 0, None, None]","[0, 1, '', 0, None, None]","[0, 1, '', 0, None, None]","[0, 1, '', 0, None, None]",nan,nan,nan,2020-01-19 18:07:45
Traeth Coch,nan,nan,nan,nan,nan,nan,nan,nan,nan,nan,nan,nan,nan,nan,nan,nan,nan,nan,nan,nan,nan,nan,nan,nan,nan,nan,nan,nan,nan,nan,nan,nan,nan,nan,nan,"[0, 1, '', 0, None, None]","[0, 1, '', 0, None, None]","[0, 1, '', 0, None, None]","[0, 1, '', 0, None, None]","[0, 1, '', 0, None, None]","[0, 1, '', 0, None, None]","[0, 1, '', 0, None, None]","[0, 1, '', 0, None, None]","[0, 1, '', 0, None, None]","[0, 1, '', 0, None, None]","[0, 1, '', 0, None, None]","[0, 1, '', 0, None, None]","[0, 1, '', 0, None, None]","[0, 1, '', 0, None, None]","[0, 1, '', 0, None, None]","[0, 1, '', 0, None, None]","[0, 1, '', 0, None, None]","[0, 1, '', 0, None, None]","[0, 1, '', 0, None, None]","[0, 1, '', 0, None, None]","[0, 1, '', 0, None, None]","[1, 1, 'Dec', 0, None, None]","[0, 1, '', 0, None, None]","[0, 1, '', 0, None, None]","[0, 1, '', 0, None, None]","[0, 1, '', 0, None, None]","[0, 1, '', 0, None, None]","[0, 1, '', 0, None, None]","[0, 1, '', 0, None, None]","[0, 1, '', 0, None, None]","[0, 1, '', 0, None, None]",nan,nan,nan,nan,nan,nan,"[0, 2, '', 0, None, None]","[0, 1, '', 0, None, None]",nan,nan,nan,nan,nan,"[0, 1, '', 0, None, None]","[0, 2, '', 0, None, None]","[0, 1, '', 0, None, None]","[0, 2, '', 0, None, None]",2020-01-19 18:07:45
Traeth Dulas,nan,nan,nan,nan,nan,nan,nan,nan,nan,nan,nan,nan,nan,nan,nan,nan,nan,nan,nan,nan,nan,nan,nan,nan,nan,nan,nan,nan,nan,nan,nan,nan,nan,nan,nan,nan,nan,"[1, 1, 'May', 0, None, None]","[0, 1, '', 0, None, None]","[1, 1, 'Apr', 0, None, None]","[0, 1, '', 0, None, None]",nan,nan,nan,nan,nan,nan,nan,nan,nan,"[1, 1, 'Feb', 0, None, None]",nan,"[0, 1, '', 0, None, None]",nan,nan,"[0, 2, '', 0, None, None]","[0, 1, '', 0, None, None]","[0, 1, '', 0, None, None]","[0, 1, '', 0, None, None]","[0, 1, '', 0, None, None]","[0, 1, '', 0, None, None]",nan,nan,nan,nan,nan,"[0, 1, '', 0, None, None]","[0, 1, '', 0, None, None]","[0, 1, '', 0, None, None]","[0, 1, '', 0, None, None]","[0, 1, '', 0, None, None]","[0, 1, '', 0, None, None]","[0, 1, '', 0, None, None]","[0, 1, '', 0, None, None]","[0, 1, '', 0, None, None]","[0, 1, '', 0, None, None]","[0, 1, '', 0, None, None]","[0, 1, '', 0, None, None]","[0, 1, '', 0, None, None]","[0, 1, '', 0, None, None]","[0, 1, '', 0, None, None]","[0, 1, '', 0, None, None]","[0, 1, '', 0, None, None]",2020-01-19 18:07:45
Traeth Melynog,nan,nan,nan,nan,nan,nan,nan,nan,nan,nan,nan,nan,nan,nan,nan,nan,nan,nan,nan,nan,nan,nan,nan,nan,nan,nan,nan,nan,nan,nan,nan,nan,nan,nan,nan,nan,nan,nan,nan,nan,nan,"[0, 1, '', 0, None, None]",nan,"[0, 1, '', 0, None, None]",nan,nan,nan,nan,nan,"[0, 1, '', 0, None, None]","[0, 1, '', 0, None, None]","[0, 1, '', 0, None, None]","[0, 1, '', 0, None, None]","[0, 1, '', 0, None, None]","[0, 1, '', 0, None, None]","[0, 1, '', 0, None, None]","[0, 1, '', 0, None, None]","[0, 1, '', 0, None, None]","[0, 1, '', 0, None, None]","[4, 1, 'Dec', 0, None, None]","[0, 1, '', 0, None, None]",nan,nan,nan,nan,nan,nan,nan,"[0, 1, '', 0, None, None]","[0, 1, '', 0, None, None]","[0, 1, '', 0, None, None]",nan,nan,"[0, 1, '', 0, None, None]","[0, 1, '', 0, None, None]","[0, 1, '', 0, None, None]","[0, 2, '', 0, None, None]","[0, 1, '', 0, None, None]","[0, 1, '', 0, None, None]","[0, 1, '', 0, None, None]","[0, 1, '', 0, None, None]","[0, 1, '', 0, None, None]","[0, 1, '', 0, None, None]",2020-01-19 18:07:45
Tweed Estuary,nan,nan,nan,nan,nan,nan,nan,nan,nan,nan,nan,nan,nan,nan,nan,nan,nan,nan,nan,nan,nan,nan,nan,nan,nan,nan,nan,nan,nan,nan,nan,nan,nan,nan,nan,nan,"[32, 1, 'Jan', 0, None, None]","[0, 1, '', 0, None, None]",nan,nan,nan,"[0, 1, '', 0, None, None]","[0, 1, '', 0, None, None]","[1, 1, 'Jun', 0, None, None]","[0, 1, '', 0, None, None]","[0, 1, '', 0, None, None]","[4, 1, 'Jan', 0, None, None]","[28, 1, 'Apr', 0, None, None]","[40, 1, 'Feb', 0, None, None]","[1, 1, 'Aug', 0, None, None]","[3, 1, 'Apr', 0, None, None]","[0, 1, '', 0, None, None]","[0, 1, '', 0, None, None]","[0, 1, '', 0, None, None]","[7, 1, 'Jan', 0, None, None]","[0, 1, '', 0, None, None]","[0, 1, '', 0, None, None]","[0, 1, '', 0, None, None]","[0, 1, '', 0, None, None]","[0, 1, '', 0, None, None]","[0, 1, '', 0, None, None]","[0, 1, '', 0, None, None]","[0, 1, '', 0, None, None]","[0, 1, '', 0, None, None]","[0, 2, '', 0, None, None]","[0, 1, '', 0, None, None]","[0, 1, '', 0, None, None]","[0, 1, '', 0, None, None]","[0, 1, '', 0, None, None]","[0, 1, '', 0, None, None]","[0, 1, '', 0, None, None]","[0, 1, '', 0, None, None]","[0, 1, '', 0, None, None]","[0, 1, '', 0, None, None]","[0, 1, '', 0, None, None]","[0, 1, '', 0, None, None]","[0, 1, '', 0, None, None]","[0, 1, '', 0, None, None]","[0, 1, '', 0, None, None]","[0, 1, '', 0, None, None]","[0, 1, '', 0, None, None]","[0, 1, '', 0, None, None]","[0, 1, '', 0, None, None]",2020-01-19 18:07:45
Tyninghame Estuary,nan,nan,nan,nan,nan,nan,nan,nan,nan,nan,nan,nan,nan,nan,nan,nan,nan,nan,nan,nan,nan,nan,nan,nan,nan,nan,nan,nan,nan,nan,nan,nan,nan,nan,nan,"[5, 1, 'Feb', 0, None, None]","[40, 1, 'Dec', 0, None, None]","[3, 1, 'Nov', 0, None, None]","[4, 1, 'Nov', 0, None, None]","[3, 1, 'Nov', 0, None, None]","[6, 1, 'Jan', 0, None, None]","[3, 1, 'Oct', 0, None, None]","[9, 1, 'Nov', 0, None, None]","[1, 1, 'Jan', 0, None, None]","[12, 1, 'Feb', 0, None, None]","[1, 1, 'Feb', 0, None, None]","[12, 1, 'Feb', 0, None, None]","[0, 1, '', 0, None, None]","[5, 1, 'Feb', 0, None, None]","[12, 1, 'Feb', 0, None, None]","[11, 1, 'Jan', 0, None, None]","[9, 1, 'Oct', 0, None, None]","[3, 1, 'Dec', 0, None, None]","[1, 1, 'Nov', 0, None, None]","[0, 1, '', 0, None, None]","[8, 1, 'Sep', 0, None, None]","[12, 1, 'Feb', 0, None, None]","[50, 1, 'Oct', 0, None, None]","[1, 1, 'Nov', 0, None, None]","[11, 1, 'Jan', 0, None, None]","[4, 1, 'Mar', 0, None, None]","[0, 1, '', 0, None, None]","[1, 1, 'Nov', 0, None, None]","[1, 1, 'Oct', 0, None, None]","[2, 1, 'Nov', 0, None, None]","[0, 1, '', 0, None, None]","[2, 1, 'Mar', 0, None, None]","[6, 1, 'Oct', 0, None, None]","[15, 1, 'Nov', 0, None, None]","[3, 1, 'Mar', 0, None, None]","[1, 1, 'May', 0, None, None]","[14, 1, 'Nov', 0, None, None]","[0, 1, '', 0, None, None]","[0, 1, '', 0, None, None]","[1, 1, 'Nov', 0, None, None]","[0, 1, '', 0, None, None]","[1, 1, 'Sep', 0, None, None]","[0, 1, '', 0, None, None]","[0, 1, '', 0, None, None]","[0, 1, '', 0, None, None]","[2, 1, 'Jan', 0, None, None]","[0, 1, '', 0, None, None]","[0, 1, '', 0, None, None]",2020-01-19 18:07:45
Ugie Estuary,nan,nan,nan,nan,nan,nan,nan,nan,nan,nan,nan,nan,nan,nan,nan,nan,nan,nan,nan,nan,nan,nan,nan,nan,nan,nan,nan,nan,nan,nan,nan,nan,nan,nan,nan,nan,nan,nan,nan,nan,nan,nan,nan,nan,nan,nan,nan,nan,nan,nan,nan,nan,nan,nan,nan,nan,nan,nan,nan,nan,nan,nan,nan,nan,nan,nan,nan,nan,"[0, 1, '', 0, None, None]","[13, 1, 'Mar', 0, None, None]","[0, 1, '', 0, None, None]",nan,nan,"[0, 1, '', 0, None, None]","[0, 1, '', 0, None, None]","[0, 1, '', 0, None, None]","[0, 1, '', 0, None, None]","[0, 1, '', 0, None, None]","[0, 1, '', 0, None, None]","[0, 1, '', 0, None, None]","[0, 1, '', 0, None, None]","[0, 1, '', 0, None, None]","[0, 1, '', 0, None, None]",2020-01-19 18:07:45
Uyea Sound,nan,nan,nan,nan,nan,nan,nan,nan,nan,nan,nan,nan,nan,nan,nan,nan,nan,nan,nan,nan,nan,nan,nan,nan,nan,nan,nan,nan,nan,nan,nan,nan,nan,nan,nan,nan,nan,nan,nan,nan,nan,nan,nan,nan,nan,nan,nan,nan,nan,nan,nan,nan,nan,nan,nan,nan,nan,nan,nan,nan,nan,nan,nan,nan,"[0, 1, '', 0, None, None]","[0, 1, '', 0, None, None]","[0, 1, '', 0, None, None]","[0, 1, '', 0, None, None]","[0, 1, '', 0, None, None]","[0, 1, '', 0, None, None]","[0, 1, '', 0, None, None]","[0, 1, '', 0, None, None]","[1, 1, 'Nov', 0, None, None]","[0, 1, '', 0, None, None]","[0, 1, '', 0, None, None]","[0, 1, '', 0, None, None]","[0, 1, '', 0, None, None]","[0, 1, '', 0, None, None]","[0, 1, '', 0, None, None]","[0, 1, '', 0, None, None]","[0, 1, '', 0, None, None]","[0, 1, '', 0, None, None]","[0, 1, '', 0, None, None]",2020-01-19 18:07:45
Vasa Loch Shapinsay,nan,nan,nan,nan,nan,nan,nan,nan,nan,nan,nan,nan,nan,nan,nan,nan,nan,nan,nan,nan,nan,nan,nan,nan,nan,nan,nan,nan,nan,nan,nan,nan,nan,nan,nan,nan,nan,nan,nan,nan,nan,nan,nan,nan,nan,nan,nan,nan,nan,nan,nan,nan,nan,nan,nan,nan,nan,nan,nan,nan,nan,nan,nan,nan,nan,nan,nan,"[0, 1, '', 0, None, None]","[0, 1, '', 0, None, None]","[0, 1, '', 0, None, None]","[0, 1, '', 0, None, None]","[0, 1, '', 0, None, None]","[0, 1, '', 0, None, None]","[0, 1, '', 0, None, None]","[0, 1, '', 0, None, None]","[2, 1, 'Feb', 0, None, None]","[4, 1, 'Feb', 0, None, None]","[0, 1, '', 0, None, None]","[0, 1, '', 0, None, None]","[0, 1, '', 0, None, None]","[0, 1, '', 0, None, None]","[0, 1, '', 0, None, None]","[0, 1, '', 0, None, None]",2020-01-19 18:07:45
Wembury Point,nan,nan,nan,nan,nan,nan,nan,nan,nan,nan,nan,nan,nan,nan,nan,nan,nan,nan,nan,nan,nan,nan,nan,nan,nan,nan,nan,nan,nan,nan,nan,nan,nan,nan,nan,nan,nan,nan,nan,nan,nan,nan,nan,nan,nan,nan,nan,nan,nan,nan,nan,nan,nan,nan,nan,nan,nan,nan,nan,nan,nan,nan,nan,nan,nan,nan,nan,nan,nan,nan,nan,"[0, 1, '', 0, None, None]","[0, 1, '', 0, None, None]","[0, 1, '', 0, None, None]","[0, 1, '', 0, None, None]","[0, 1, '', 0, None, None]","[0, 1, '', 0, None, None]","[0, 1, '', 0, None, None]","[0, 1, '', 0, None, None]","[0, 2, '', 0, None, None]","[2, 2, 'Nov', 0, None, None]","[0, 2, '', 0, None, None]","[0, 2, '', 0, None, None]",2020-01-19 18:07:45
Ythan Estuary,nan,nan,nan,nan,nan,nan,nan,nan,nan,nan,nan,nan,nan,nan,nan,nan,nan,nan,nan,nan,nan,nan,nan,nan,nan,nan,nan,nan,nan,nan,nan,nan,nan,nan,nan,"[0, 1, '', 0, None, None]","[0, 1, '', 0, None, None]","[0, 1, '', 0, None, None]","[0, 1, '', 0, None, None]","[0, 1, '', 0, None, None]","[0, 1, '', 0, None, None]","[0, 1, '', 0, None, None]","[0, 1, '', 0, None, None]","[0, 1, '', 0, None, None]","[0, 1, '', 0, None, None]","[0, 1, '', 0, None, None]","[0, 1, '', 0, None, None]","[0, 1, '', 0, None, None]",nan,nan,nan,"[0, 1, '', 0, None, None]","[0, 1, '', 0, None, None]","[0, 1, '', 0, None, None]","[0, 1, '', 0, None, None]","[0, 1, '', 0, None, None]","[2, 1, 'Apr', 0, None, None]","[1, 1, 'Jun', 0, None, None]","[8, 1, 'Oct', 0, None, None]","[2, 1, 'Oct', 0, None, None]","[3, 1, 'Sep', 0, None, None]","[2, 1, 'Aug', 0, None, None]","[2, 1, 'Oct', 0, None, None]","[6, 1, 'Nov', 0, None, None]","[0, 1, '', 0, None, None]","[0, 1, '', 0, None, None]","[0, 1, '', 0, None, None]","[0, 1, '', 0, None, None]","[0, 1, '', 0, None, None]","[0, 2, '', 0, None, None]","[0, 2, '', 0, None, None]","[0, 1, '', 0, None, None]","[0, 1, '', 0, None, None]","[0, 1, '', 0, None, None]","[0, 1, '', 0, None, None]","[0, 1, '', 0, None, None]","[0, 1, '', 0, None, None]","[0, 1, '', 0, None, None]","[0, 1, '', 0, None, None]","[0, 1, '', 0, None, None]","[0, 1, '', 0, None, None]","[0, 1, '', 0, None, None]","[0, 1, '', 0, None, None]",2020-01-19 18:07:45
Ythan to Collieston,nan,nan,nan,nan,nan,nan,nan,nan,nan,nan,nan,nan,nan,nan,nan,nan,nan,nan,nan,nan,nan,nan,nan,nan,nan,nan,nan,nan,nan,nan,nan,nan,nan,nan,nan,nan,nan,nan,nan,nan,nan,nan,nan,nan,nan,nan,nan,nan,nan,nan,nan,nan,nan,nan,nan,nan,nan,"[1, 1, 'Sep', 0, None, None]","[0, 2, '', 0, None, None]",nan,nan,"[0, 1, '', 0, None, None]",nan,nan,nan,nan,nan,nan,nan,nan,nan,nan,nan,nan,nan,nan,nan,nan,nan,nan,nan,"[0, 1, '', 0, None, None]",nan,2020-01-19 18:07:45
Aberaeron Harbour and Beach,nan,nan,nan,nan,nan,nan,nan,nan,nan,nan,nan,nan,nan,nan,nan,nan,nan,nan,nan,nan,nan,nan,nan,nan,nan,nan,nan,nan,nan,nan,nan,nan,nan,nan,nan,nan,nan,nan,nan,nan,nan,nan,nan,nan,nan,nan,nan,nan,nan,nan,nan,nan,nan,nan,nan,nan,"[1, 1, 'Nov', 0, None, None]",nan,"[0, 1, '', 0, None, None]",nan,"[0, 1, '', 0, None, None]",nan,"[0, 1, '', 0, None, None]","[0, 1, '', 0, None, None]","[0, 1, '', 0, None, None]","[0, 1, '', 0, None, None]","[0, 1, '', 0, None, None]","[0, 1, '', 0, None, None]","[0, 1, '', 0, None, None]","[0, 1, '', 0, None, None]","[0, 1, '', 0, None, None]","[0, 1, '', 0, None, None]","[0, 1, '', 0, None, None]","[0, 1, '', 0, None, None]","[0, 1, '', 0, None, None]",nan,nan,nan,nan,nan,nan,nan,nan,2020-01-19 18:07:45
Aignish Bay (Lewis),nan,nan,nan,nan,nan,nan,nan,nan,nan,nan,nan,nan,nan,nan,nan,nan,nan,nan,nan,nan,nan,nan,nan,nan,nan,nan,nan,nan,nan,nan,nan,nan,nan,nan,nan,nan,nan,nan,nan,nan,nan,nan,nan,nan,nan,nan,nan,nan,nan,nan,nan,nan,nan,nan,nan,nan,nan,"[5, 1, 'Mar', 0, None, None]",nan,"[8, 1, 'Mar', 0, None, None]","[1, 1, 'Nov', 0, None, None]","[5, 1, 'Apr', 0, None, None]","[2, 1, 'Dec', 0, None, None]","[2, 1, 'Mar', 0, None, None]","[30, 2, 'Feb', 0, None, None]","[20, 1, 'Dec', 0, None, None]","[0, 1, '', 0, None, None]",nan,nan,"[28, 2, 'Jan', 0, None, None]","[0, 1, '', 0, None, None]",nan,nan,nan,nan,nan,nan,nan,nan,nan,nan,nan,nan,2020-01-19 18:07:45
Ardglass Bay,nan,nan,nan,nan,nan,nan,nan,nan,nan,nan,nan,nan,nan,nan,nan,nan,nan,nan,nan,nan,nan,nan,nan,nan,nan,nan,nan,nan,nan,nan,nan,nan,nan,nan,nan,nan,nan,nan,nan,nan,nan,nan,nan,nan,nan,nan,nan,nan,nan,nan,nan,nan,nan,nan,nan,nan,nan,nan,nan,nan,"[5, 1, 'Jan', 0, None, None]",nan,nan,nan,nan,nan,nan,nan,nan,nan,nan,nan,nan,nan,nan,nan,nan,nan,nan,nan,nan,nan,nan,2020-01-19 18:07:45
Ardkenish Peninsular,nan,nan,nan,nan,nan,nan,nan,nan,nan,nan,nan,nan,nan,nan,nan,nan,nan,nan,nan,nan,nan,nan,nan,nan,nan,nan,nan,nan,nan,nan,nan,nan,nan,nan,nan,nan,nan,nan,nan,nan,nan,nan,nan,nan,nan,nan,nan,nan,nan,nan,nan,"[0, 1, '', 0, None, None]","[2, 1, 'Nov', 0, None, None]",nan,"[4, 1, 'Nov', 0, None, None]","[1, 1, 'Dec', 0, None, None]","[3, 1, 'Jan', 0, None, None]",nan,nan,nan,nan,nan,nan,nan,nan,nan,nan,nan,nan,nan,nan,nan,nan,nan,nan,nan,nan,nan,nan,nan,nan,nan,nan,2020-01-19 18:07:45
Ardross Farm to Pittenweem,nan,nan,nan,nan,nan,nan,nan,nan,nan,nan,nan,nan,nan,nan,nan,nan,nan,nan,nan,nan,nan,nan,nan,nan,nan,nan,nan,nan,nan,nan,nan,nan,nan,nan,nan,nan,nan,nan,nan,nan,nan,nan,nan,nan,nan,nan,nan,nan,nan,nan,nan,nan,nan,nan,nan,nan,nan,nan,nan,nan,"[3, 1, 'Nov', 0, None, None]",nan,nan,nan,nan,nan,nan,nan,nan,nan,nan,nan,nan,nan,nan,nan,nan,nan,nan,nan,nan,nan,nan,2020-01-19 18:07:45
Ardrossan South,nan,nan,nan,nan,nan,nan,nan,nan,nan,nan,nan,nan,nan,nan,nan,nan,nan,nan,nan,nan,nan,nan,nan,nan,nan,nan,nan,nan,nan,nan,nan,nan,nan,nan,nan,nan,nan,nan,nan,nan,nan,nan,nan,nan,nan,nan,nan,nan,nan,nan,nan,nan,nan,nan,nan,nan,nan,nan,nan,nan,nan,nan,nan,nan,nan,nan,nan,nan,"[7, 1, 'Jan', 0, None, None]","[0, 1, '', 0, None, None]",nan,nan,nan,nan,nan,nan,nan,nan,nan,nan,nan,nan,nan,2020-01-19 18:07:45
Axe Estuary to Otter Estuary (Devon),nan,nan,nan,nan,nan,nan,nan,nan,nan,nan,nan,nan,nan,nan,nan,nan,nan,nan,nan,nan,nan,nan,nan,nan,nan,nan,nan,nan,nan,nan,nan,nan,nan,nan,nan,nan,nan,nan,nan,nan,nan,nan,nan,nan,nan,nan,nan,nan,nan,nan,nan,nan,nan,nan,nan,nan,nan,nan,nan,nan,nan,nan,nan,nan,nan,nan,nan,nan,nan,nan,nan,"[3, 1, 'Jan', 0, None, None]","[7, 1, 'Jan', 0, None, None]",nan,nan,nan,nan,nan,nan,nan,nan,nan,nan,2020-01-19 18:07:45
Ayr Bay,nan,nan,nan,nan,nan,nan,nan,nan,nan,nan,nan,nan,nan,nan,nan,nan,nan,nan,nan,nan,nan,nan,nan,nan,nan,nan,nan,nan,nan,nan,nan,nan,nan,nan,nan,nan,nan,nan,nan,nan,nan,nan,nan,nan,nan,nan,nan,nan,nan,nan,nan,nan,nan,nan,nan,nan,nan,nan,nan,nan,nan,nan,nan,nan,nan,nan,nan,nan,nan,nan,nan,nan,nan,nan,"[4, 1, 'Oct', 0, None, None]",nan,nan,nan,nan,nan,nan,nan,nan,2020-01-19 18:07:45
Beauly,nan,nan,nan,nan,nan,nan,nan,nan,nan,nan,nan,nan,nan,nan,nan,nan,nan,nan,nan,nan,nan,nan,nan,nan,nan,nan,nan,nan,nan,nan,nan,nan,nan,nan,nan,"[1, 2, 'Dec', 0, None, None]","[0, 2, '', 0, None, None]","[0, 2, '', 0, None, None]","[0, 2, '', 0, None, None]","[0, 2, '', 0, None, None]","[0, 2, '', 0, None, None]","[0, 2, '', 0, None, None]","[0, 2, '', 0, None, None]","[0, 2, '', 0, None, None]","[0, 2, '', 0, None, None]",nan,"[0, 2, '', 0, None, None]","[0, 1, '', 0, None, None]","[0, 1, '', 0, None, None]","[0, 2, '', 0, None, None]",nan,nan,nan,nan,nan,nan,nan,nan,nan,nan,nan,nan,nan,nan,nan,nan,nan,nan,nan,nan,nan,nan,nan,nan,nan,nan,nan,nan,nan,nan,nan,nan,nan,2020-01-19 18:07:45
Belfast Inner,nan,nan,nan,nan,nan,nan,nan,nan,nan,nan,nan,nan,nan,nan,nan,nan,nan,nan,nan,nan,nan,nan,nan,nan,nan,nan,nan,nan,nan,nan,nan,nan,nan,nan,nan,nan,nan,nan,nan,nan,nan,nan,nan,nan,nan,nan,"[0, 1, '', 0, None, None]","[0, 1, '', 0, None, None]","[0, 1, '', 0, None, None]","[0, 1, '', 0, None, None]",nan,"[0, 1, '', 0, None, None]",nan,nan,"[0, 1, '', 0, None, None]","[0, 1, '', 0, None, None]","[0, 1, '', 0, None, None]","[3, 1, 'Mar', 0, None, None]","[12, 1, 'Sep', 0, None, None]",nan,nan,nan,nan,nan,nan,nan,nan,nan,nan,nan,nan,nan,nan,nan,nan,nan,nan,nan,nan,nan,nan,nan,nan,2020-01-19 18:07:45
Belfast Outer,nan,nan,nan,nan,nan,nan,nan,nan,nan,nan,nan,nan,nan,nan,nan,nan,nan,nan,nan,nan,nan,nan,nan,nan,nan,nan,nan,nan,nan,nan,nan,nan,nan,nan,nan,nan,nan,nan,nan,nan,nan,nan,nan,nan,nan,nan,nan,nan,nan,nan,nan,nan,nan,nan,nan,"[67, 1, 'Mar', 0, None, None]","[42, 1, 'Dec', 0, None, None]","[46, 1, 'Dec', 0, None, None]","[0, 1, '', 0, None, None]",nan,nan,nan,nan,nan,nan,nan,nan,nan,nan,nan,nan,nan,nan,nan,nan,nan,nan,nan,nan,nan,nan,nan,nan,2020-01-19 18:07:45
Birsay Bay - Point of Buckquoy to Garson,nan,nan,nan,nan,nan,nan,nan,nan,nan,nan,nan,nan,nan,nan,nan,nan,nan,nan,nan,nan,nan,nan,nan,nan,nan,nan,nan,nan,nan,nan,nan,nan,nan,nan,nan,nan,nan,nan,nan,nan,nan,nan,nan,nan,nan,nan,nan,nan,"[38, 1, 'Apr', 0, None, None]","[0, 1, '', 0, None, None]",nan,nan,nan,nan,nan,nan,nan,nan,nan,nan,nan,nan,nan,nan,nan,nan,nan,nan,nan,nan,nan,nan,nan,nan,nan,nan,nan,nan,nan,nan,nan,nan,nan,2020-01-19 18:07:45
Bornish and Ormiclate Machairs SSSI Coast,nan,nan,nan,nan,nan,nan,nan,nan,nan,nan,nan,nan,nan,nan,nan,nan,nan,nan,nan,nan,nan,nan,nan,nan,nan,nan,nan,nan,nan,nan,nan,nan,nan,nan,nan,nan,nan,nan,nan,nan,nan,nan,nan,nan,nan,nan,nan,nan,nan,nan,nan,nan,nan,nan,nan,nan,nan,nan,nan,nan,nan,nan,nan,nan,nan,nan,nan,nan,"[112, 1, 'Jan', 1, 'North Uist Machair and Islands SPA and South Uist Machair and Lochs SPA: winter wader survey 2004', 'Ecology UK Ltd (2005). Scottish Natural Heritage Commissioned Report No. 097']",nan,nan,nan,nan,nan,nan,nan,nan,nan,nan,nan,nan,nan,nan,2020-01-19 18:07:45
Browns Bay to Seaton Sluice,nan,nan,nan,nan,nan,nan,nan,nan,nan,nan,nan,nan,nan,nan,nan,nan,nan,nan,nan,nan,nan,nan,nan,nan,nan,nan,nan,nan,nan,nan,nan,nan,nan,nan,nan,nan,nan,nan,nan,nan,nan,nan,nan,nan,nan,nan,nan,nan,nan,nan,"[20, 1, 'Feb', 0, None, None]",nan,nan,nan,nan,nan,nan,nan,nan,nan,nan,nan,nan,nan,nan,nan,nan,nan,nan,nan,nan,nan,nan,nan,nan,nan,nan,nan,nan,nan,nan,nan,nan,2020-01-19 18:07:45
Chapel Ness to Ardross Farm,nan,nan,nan,nan,nan,nan,nan,nan,nan,nan,nan,nan,nan,nan,nan,nan,nan,nan,nan,nan,nan,nan,nan,nan,nan,nan,nan,nan,nan,nan,nan,nan,nan,nan,nan,nan,nan,nan,nan,nan,nan,nan,nan,nan,nan,nan,nan,nan,nan,nan,nan,nan,nan,nan,nan,nan,nan,nan,nan,nan,"[4, 1, 'Nov', 0, None, None]",nan,nan,nan,nan,nan,nan,nan,nan,nan,nan,nan,nan,nan,nan,nan,nan,nan,nan,nan,nan,nan,nan,2020-01-19 18:07:45
Cornelian Bay (Scarborough),nan,nan,nan,nan,nan,nan,nan,nan,nan,nan,nan,nan,nan,nan,nan,nan,nan,nan,nan,nan,nan,nan,nan,nan,nan,nan,nan,nan,nan,nan,nan,nan,nan,nan,nan,nan,nan,nan,nan,nan,nan,nan,nan,nan,nan,nan,nan,"[210, 1, 'Jan', 0, None, None]","[69, 1, 'Dec', 0, None, None]",nan,"[86, 1, 'Feb', 0, None, None]","[65, 1, 'Mar', 0, None, None]","[124, 1, 'Dec', 0, None, None]","[56, 1, 'Dec', 0, None, None]","[143, 1, 'Feb', 0, None, None]","[255, 1, 'Feb', 0, None, None]",nan,nan,nan,nan,nan,nan,nan,nan,nan,nan,nan,nan,nan,nan,nan,nan,nan,nan,nan,nan,nan,nan,nan,nan,nan,nan,nan,2020-01-19 18:07:45
Craignapastie to Cloghan Head,nan,nan,nan,nan,nan,nan,nan,nan,nan,nan,nan,nan,nan,nan,nan,nan,nan,nan,nan,nan,nan,nan,nan,nan,nan,nan,nan,nan,nan,nan,nan,nan,nan,nan,nan,nan,nan,nan,nan,nan,nan,nan,nan,nan,nan,nan,nan,nan,nan,nan,nan,nan,nan,nan,nan,nan,nan,nan,nan,nan,"[3, 1, 'Jan', 0, None, None]",nan,nan,nan,nan,nan,nan,nan,nan,nan,nan,nan,nan,nan,nan,nan,nan,nan,nan,nan,nan,nan,nan,2020-01-19 18:07:45
Croo Loch,nan,nan,nan,nan,nan,nan,nan,nan,nan,nan,nan,nan,nan,nan,nan,nan,nan,nan,nan,nan,nan,nan,nan,nan,nan,nan,nan,nan,nan,nan,nan,nan,nan,nan,nan,nan,nan,nan,nan,nan,nan,nan,nan,nan,nan,nan,nan,nan,nan,nan,nan,nan,nan,nan,nan,nan,nan,nan,nan,nan,nan,nan,nan,nan,nan,"[0, 1, '', 0, None, None]","[0, 1, '', 0, None, None]","[0, 1, '', 0, None, None]","[0, 1, '', 0, None, None]","[2, 1, 'Nov', 0, None, None]","[0, 1, '', 0, None, None]",nan,nan,nan,nan,nan,nan,nan,nan,nan,nan,nan,nan,2020-01-19 18:07:45
Dunoon to Ardyne,nan,nan,nan,nan,nan,nan,nan,nan,nan,nan,nan,nan,nan,nan,nan,nan,nan,nan,nan,nan,nan,nan,nan,nan,nan,nan,nan,nan,nan,nan,nan,nan,nan,nan,nan,nan,nan,nan,nan,nan,nan,nan,nan,nan,nan,nan,nan,nan,nan,"[4, 1, 'Jan', 0, None, None]","[0, 1, '', 0, None, None]",nan,nan,nan,nan,nan,nan,nan,nan,nan,nan,nan,nan,nan,nan,nan,nan,nan,nan,nan,nan,nan,nan,nan,nan,nan,nan,nan,nan,nan,nan,nan,nan,2020-01-19 18:07:45
Earlsferry Links to Chapel Ness,nan,nan,nan,nan,nan,nan,nan,nan,nan,nan,nan,nan,nan,nan,nan,nan,nan,nan,nan,nan,nan,nan,nan,nan,nan,nan,nan,nan,nan,nan,nan,nan,nan,nan,nan,nan,nan,nan,nan,nan,nan,nan,nan,nan,nan,nan,nan,nan,nan,nan,nan,nan,nan,nan,nan,nan,nan,nan,nan,nan,"[11, 1, 'Nov', 0, None, None]",nan,nan,nan,nan,nan,nan,nan,nan,nan,nan,nan,nan,nan,nan,nan,nan,nan,nan,nan,nan,nan,nan,2020-01-19 18:07:45
East Unst,nan,nan,nan,nan,nan,nan,nan,nan,nan,nan,nan,nan,nan,nan,nan,nan,nan,nan,nan,nan,nan,nan,nan,nan,nan,nan,nan,nan,nan,nan,nan,nan,nan,nan,nan,nan,nan,nan,nan,nan,nan,nan,nan,nan,nan,nan,nan,nan,nan,nan,nan,nan,nan,nan,nan,nan,nan,nan,nan,nan,nan,nan,nan,nan,nan,nan,"[110, 1, 'Mar', 1, 'SOTEAG reports', 'M. Heubeck  (in litt.)']",nan,nan,nan,nan,nan,nan,nan,nan,nan,nan,nan,nan,nan,nan,nan,nan,2020-01-19 18:07:45
Eyemouth,nan,nan,nan,nan,nan,nan,nan,nan,nan,nan,nan,nan,nan,nan,nan,nan,nan,nan,nan,nan,nan,nan,nan,nan,nan,nan,nan,nan,nan,nan,nan,nan,nan,nan,nan,nan,nan,nan,nan,nan,nan,nan,nan,nan,nan,nan,nan,"[157, 1, 'Dec', 0, None, None]","[3, 1, 'Nov', 0, None, None]","[32, 1, 'Feb', 0, None, None]","[33, 1, 'Feb', 0, None, None]","[72, 1, 'Nov', 0, None, None]","[9, 1, 'Feb', 0, None, None]","[11, 1, 'Oct', 0, None, None]","[39, 1, 'Feb', 0, None, None]","[7, 1, 'Dec', 0, None, None]",nan,nan,nan,nan,nan,nan,nan,nan,nan,nan,nan,nan,nan,nan,nan,nan,nan,nan,nan,nan,nan,nan,nan,nan,nan,nan,nan,2020-01-19 18:07:45
Hamna Voe (Papa Stour),nan,nan,nan,nan,nan,nan,nan,nan,nan,nan,nan,nan,nan,nan,nan,nan,nan,nan,nan,nan,nan,nan,nan,nan,nan,nan,nan,nan,nan,nan,nan,nan,nan,nan,nan,nan,nan,nan,nan,nan,nan,nan,nan,nan,nan,nan,nan,nan,nan,nan,nan,nan,nan,nan,nan,nan,nan,nan,nan,nan,nan,nan,nan,nan,"[0, 1, '', 0, None, None]",nan,nan,"[0, 1, '', 0, None, None]","[1, 1, 'Oct', 0, None, None]","[6, 1, 'Nov', 0, None, None]",nan,nan,nan,nan,nan,nan,nan,nan,nan,nan,nan,nan,nan,2020-01-19 18:07:45
Howmore Estuary SSSI Coast,nan,nan,nan,nan,nan,nan,nan,nan,nan,nan,nan,nan,nan,nan,nan,nan,nan,nan,nan,nan,nan,nan,nan,nan,nan,nan,nan,nan,nan,nan,nan,nan,nan,nan,nan,nan,nan,nan,nan,nan,nan,nan,nan,nan,nan,nan,nan,nan,nan,nan,nan,nan,nan,nan,nan,nan,nan,nan,nan,nan,nan,nan,nan,nan,nan,nan,nan,nan,"[120, 1, 'Mar', 1, 'North Uist Machair and Islands SPA and South Uist Machair and Lochs SPA: winter wader survey 2004', 'Ecology UK Ltd (2005). Scottish Natural Heritage Commissioned Report No. 097']",nan,nan,nan,nan,nan,nan,nan,nan,nan,nan,nan,nan,nan,nan,2020-01-19 18:07:45
Hunterston Sands,nan,nan,nan,nan,nan,nan,nan,nan,nan,nan,nan,nan,nan,nan,nan,nan,nan,nan,nan,nan,nan,nan,nan,nan,nan,nan,nan,nan,nan,nan,nan,nan,nan,nan,nan,"[0, 1, '', 0, None, None]","[0, 1, '', 0, None, None]","[0, 1, '', 0, None, None]","[0, 1, '', 0, None, None]","[0, 1, '', 0, None, None]","[0, 1, '', 0, None, None]","[0, 1, '', 0, None, None]","[0, 1, '', 0, None, None]","[0, 1, '', 0, None, None]","[0, 1, '', 0, None, None]","[0, 1, '', 0, None, None]","[0, 1, '', 0, None, None]","[0, 1, '', 0, None, None]","[0, 1, '', 0, None, None]","[0, 1, '', 0, None, None]","[0, 1, '', 0, None, None]","[0, 1, '', 0, None, None]","[0, 1, '', 0, None, None]","[0, 1, '', 0, None, None]","[0, 1, '', 0, None, None]","[2, 1, 'Mar', 0, None, None]","[0, 1, '', 0, None, None]","[2, 1, 'Feb', 0, None, None]","[0, 1, '', 0, None, None]","[2, 1, 'Dec', 0, None, None]","[2, 1, 'Feb', 0, None, None]","[0, 1, '', 0, None, None]","[0, 1, '', 0, None, None]","[0, 1, '', 0, None, None]","[1, 1, 'Mar', 0, None, None]",nan,nan,"[0, 1, '', 0, None, None]","[0, 1, '', 0, None, None]","[0, 1, '', 0, None, None]","[0, 1, '', 0, None, None]","[0, 1, '', 0, None, None]","[1, 1, 'Jan', 1, 'Supplementary visit under the  WeBS Core Count Survey', 'WeBS']","[0, 1, '', 0, None, None]","[0, 1, '', 0, None, None]","[0, 1, '', 0, None, None]","[0, 1, '', 0, None, None]",nan,nan,nan,nan,nan,nan,2020-01-19 18:07:45
Irvine and Garnock Estuary,nan,nan,nan,nan,nan,nan,nan,nan,nan,nan,nan,nan,nan,nan,nan,nan,nan,nan,nan,nan,nan,nan,nan,nan,nan,nan,nan,nan,nan,nan,nan,nan,nan,nan,nan,"[0, 1, '', 0, None, None]","[0, 1, '', 0, None, None]","[0, 1, '', 0, None, None]","[0, 1, '', 0, None, None]","[0, 1, '', 0, None, None]","[0, 1, '', 0, None, None]","[0, 1, '', 0, None, None]","[1, 1, 'Dec', 0, None, None]","[0, 1, '', 0, None, None]","[0, 1, '', 0, None, None]","[0, 1, '', 0, None, None]","[0, 1, '', 0, None, None]","[0, 1, '', 0, None, None]","[0, 1, '', 0, None, None]","[0, 1, '', 0, None, None]","[0, 1, '', 0, None, None]","[0, 1, '', 0, None, None]","[0, 1, '', 0, None, None]","[0, 1, '', 0, None, None]","[0, 1, '', 0, None, None]","[0, 1, '', 0, None, None]","[0, 1, '', 0, None, None]","[0, 1, '', 0, None, None]","[0, 1, '', 0, None, None]","[0, 1, '', 0, None, None]","[0, 1, '', 0, None, None]","[0, 1, '', 0, None, None]","[0, 1, '', 0, None, None]","[0, 1, '', 0, None, None]","[0, 1, '', 0, None, None]","[0, 1, '', 0, None, None]",nan,"[0, 2, '', 0, None, None]","[0, 1, '', 0, None, None]","[0, 2, '', 0, None, None]","[0, 1, '', 0, None, None]","[0, 2, '', 0, None, None]","[0, 1, '', 0, None, None]","[0, 2, '', 0, None, None]","[0, 1, '', 0, None, None]",nan,nan,nan,nan,nan,nan,nan,nan,2020-01-19 18:07:45
Irvine to Saltcoats,nan,nan,nan,nan,nan,nan,nan,nan,nan,nan,nan,nan,nan,nan,nan,nan,nan,nan,nan,nan,nan,nan,nan,nan,nan,nan,nan,nan,nan,nan,nan,nan,nan,nan,nan,nan,nan,nan,nan,nan,nan,nan,nan,nan,nan,nan,nan,nan,nan,nan,nan,nan,nan,nan,nan,nan,nan,"[0, 1, '', 0, None, None]","[200, 1, 'Feb', 0, None, None]","[80, 1, 'Mar', 0, None, None]","[150, 2, 'Jan', 0, None, None]","[48, 1, 'Jan', 0, None, None]","[24, 1, 'Jan', 0, None, None]",nan,nan,nan,nan,nan,nan,nan,nan,nan,nan,"[4, 1, 'Nov', 0, None, None]",nan,nan,nan,nan,nan,nan,nan,nan,nan,2020-01-19 18:07:45
Jackson's Bay,nan,nan,nan,nan,nan,nan,nan,nan,nan,nan,nan,nan,nan,nan,nan,nan,nan,nan,nan,nan,nan,nan,nan,nan,nan,nan,nan,nan,nan,nan,nan,nan,nan,nan,nan,nan,nan,nan,nan,nan,nan,nan,nan,nan,nan,nan,nan,"[43, 1, 'Feb', 0, None, None]","[41, 1, 'Feb', 0, None, None]",nan,"[41, 1, 'Jan', 0, None, None]","[60, 1, 'Jan', 0, None, None]","[35, 1, 'Mar', 0, None, None]","[34, 1, 'Jan', 0, None, None]","[48, 1, 'Dec', 0, None, None]","[41, 1, 'Feb', 0, None, None]",nan,nan,nan,nan,nan,nan,nan,nan,nan,nan,nan,nan,nan,nan,nan,nan,nan,nan,nan,nan,nan,nan,nan,nan,nan,nan,nan,2020-01-19 18:07:45
Kingsbridge Est to Tamar 45 (NEWS 020426B),nan,nan,nan,nan,nan,nan,nan,nan,nan,nan,nan,nan,nan,nan,nan,nan,nan,nan,nan,nan,nan,nan,nan,nan,nan,nan,nan,nan,nan,nan,nan,nan,nan,nan,nan,nan,nan,nan,nan,nan,nan,nan,nan,nan,nan,nan,nan,nan,nan,nan,nan,nan,nan,nan,nan,nan,nan,nan,nan,nan,nan,nan,nan,nan,nan,nan,nan,nan,nan,nan,nan,"[6, 1, 'Jan', 0, None, None]","[5, 1, 'Feb', 0, None, None]",nan,nan,nan,nan,nan,nan,nan,nan,nan,nan,2020-01-19 18:07:45
Loch Bee SSSI Coast,nan,nan,nan,nan,nan,nan,nan,nan,nan,nan,nan,nan,nan,nan,nan,nan,nan,nan,nan,nan,nan,nan,nan,nan,nan,nan,nan,nan,nan,nan,nan,nan,nan,nan,nan,nan,nan,nan,nan,nan,nan,nan,nan,nan,nan,nan,nan,nan,nan,nan,nan,nan,nan,nan,nan,nan,nan,nan,nan,nan,nan,nan,nan,nan,nan,nan,nan,nan,"[25, 1, 'Feb', 1, 'North Uist Machair and Islands SPA and South Uist Machair and Lochs SPA: winter wader survey 2004', 'Ecology UK Ltd (2005). Scottish Natural Heritage Commissioned Report No. 097']",nan,nan,nan,nan,nan,nan,nan,nan,nan,nan,nan,nan,nan,nan,2020-01-19 18:07:45
Loch Branahuie (Lewis),nan,nan,nan,nan,nan,nan,nan,nan,nan,nan,nan,nan,nan,nan,nan,nan,nan,nan,nan,nan,nan,nan,nan,nan,nan,nan,nan,nan,nan,nan,nan,nan,nan,nan,nan,nan,nan,nan,nan,nan,nan,nan,nan,nan,nan,nan,nan,nan,nan,nan,nan,nan,nan,nan,nan,nan,"[0, 1, '', 0, None, None]","[0, 1, '', 0, None, None]",nan,"[0, 1, '', 0, None, None]","[0, 1, '', 0, None, None]","[0, 1, '', 0, None, None]","[0, 1, '', 0, None, None]","[0, 1, '', 0, None, None]","[0, 1, '', 0, None, None]","[0, 1, '', 0, None, None]","[0, 1, '', 0, None, None]",nan,nan,"[1, 1, 'Jan', 0, None, None]","[0, 1, '', 0, None, None]",nan,nan,nan,nan,nan,nan,nan,nan,nan,nan,nan,nan,2020-01-19 18:07:45
Loch Branahuie and Aignish,nan,nan,nan,nan,nan,nan,nan,nan,nan,nan,nan,nan,nan,nan,nan,nan,nan,nan,nan,nan,nan,nan,nan,nan,nan,nan,nan,nan,nan,nan,nan,nan,nan,nan,nan,nan,nan,nan,nan,nan,nan,nan,nan,nan,nan,nan,nan,nan,nan,nan,nan,nan,nan,nan,nan,nan,nan,nan,"[1, 1, 'Nov', 0, None, None]",nan,nan,nan,nan,nan,nan,nan,nan,nan,nan,nan,nan,nan,nan,nan,nan,nan,nan,nan,nan,nan,nan,nan,nan,2020-01-19 18:07:45
Loch Druidibeg SSSI Coast,nan,nan,nan,nan,nan,nan,nan,nan,nan,nan,nan,nan,nan,nan,nan,nan,nan,nan,nan,nan,nan,nan,nan,nan,nan,nan,nan,nan,nan,nan,nan,nan,nan,nan,nan,nan,nan,nan,nan,nan,nan,nan,nan,nan,nan,nan,nan,nan,nan,nan,nan,nan,nan,nan,nan,nan,nan,nan,nan,nan,nan,nan,nan,nan,nan,nan,nan,nan,"[28, 1, 'Feb', 1, 'North Uist Machair and Islands SPA and South Uist Machair and Lochs SPA: winter wader survey 2004', 'Ecology UK Ltd (2005). Scottish Natural Heritage Commissioned Report No. 097']",nan,nan,nan,nan,nan,nan,nan,nan,nan,nan,nan,nan,nan,nan,2020-01-19 18:07:45
Loch Linnhe - Corran Ferry-Onich,nan,nan,nan,nan,nan,nan,nan,nan,nan,nan,nan,nan,nan,nan,nan,nan,nan,nan,nan,nan,nan,nan,nan,nan,nan,nan,nan,nan,nan,nan,nan,nan,nan,nan,nan,nan,nan,nan,nan,nan,nan,nan,nan,nan,nan,nan,nan,nan,nan,nan,nan,nan,nan,nan,nan,nan,nan,nan,nan,nan,nan,nan,nan,nan,nan,"[1, 1, 'Jan', 0, None, None]",nan,nan,nan,nan,nan,nan,nan,nan,nan,nan,nan,nan,nan,nan,nan,nan,nan,2020-01-19 18:07:45
Loch Ordais and Port Mhor Bragar,nan,nan,nan,nan,nan,nan,nan,nan,nan,nan,nan,nan,nan,nan,nan,nan,nan,nan,nan,nan,nan,nan,nan,nan,nan,nan,nan,nan,nan,nan,nan,nan,nan,nan,nan,nan,nan,nan,nan,nan,nan,nan,nan,nan,nan,nan,nan,nan,nan,nan,nan,nan,nan,nan,nan,nan,nan,nan,"[3, 2, 'Jan', 0, None, None]",nan,"[0, 1, '', 0, None, None]","[0, 2, '', 0, None, None]","[0, 2, '', 0, None, None]","[0, 2, '', 0, None, None]","[0, 1, '', 0, None, None]","[0, 2, '', 0, None, None]","[0, 1, '', 0, None, None]",nan,nan,"[0, 1, '', 0, None, None]",nan,nan,nan,nan,nan,nan,nan,nan,nan,nan,nan,nan,nan,2020-01-19 18:07:45
Loch Paible (North Uist),nan,nan,nan,nan,nan,nan,nan,nan,nan,nan,nan,nan,nan,nan,nan,nan,nan,nan,nan,nan,nan,nan,nan,nan,nan,nan,nan,nan,nan,nan,nan,nan,nan,nan,nan,nan,nan,nan,nan,nan,nan,nan,nan,nan,nan,nan,nan,nan,nan,nan,nan,nan,nan,nan,nan,nan,nan,nan,nan,nan,nan,"[32, 1, 'Nov', 0, None, None]","[14, 1, 'Dec', 0, None, None]",nan,nan,"[9, 1, 'Dec', 0, None, None]","[5, 1, 'Mar', 0, None, None]","[23, 1, 'Mar', 0, None, None]","[14, 1, 'Mar', 0, None, None]","[12, 1, 'Feb', 0, None, None]","[16, 1, 'Mar', 0, None, None]","[35, 1, 'Dec', 0, None, None]","[54, 1, 'Mar', 0, None, None]","[25, 1, 'Mar', 0, None, None]",nan,nan,nan,nan,nan,nan,nan,nan,nan,2020-01-19 18:07:45
Loch of Beith,nan,nan,nan,nan,nan,nan,nan,nan,nan,nan,nan,nan,nan,nan,nan,nan,nan,nan,nan,nan,nan,nan,nan,nan,nan,nan,nan,nan,nan,nan,nan,nan,nan,nan,nan,nan,nan,nan,nan,nan,nan,nan,nan,nan,nan,nan,nan,nan,nan,nan,nan,nan,nan,nan,nan,nan,nan,nan,nan,nan,nan,nan,nan,nan,"[0, 1, '', 0, None, None]","[0, 1, '', 0, None, None]","[0, 1, '', 0, None, None]","[0, 1, '', 0, None, None]","[0, 1, '', 0, None, None]","[0, 1, '', 0, None, None]","[1, 1, 'Nov', 0, None, None]","[1, 1, 'Dec', 0, None, None]","[2, 1, 'Apr', 1, 'Supplementary visit under the  WeBS Core Count Survey', 'WeBS']","[0, 1, '', 0, None, None]","[0, 1, '', 0, None, None]",nan,nan,nan,nan,nan,nan,nan,nan,2020-01-19 18:07:45
Loch of Littlester,nan,nan,nan,nan,nan,nan,nan,nan,nan,nan,nan,nan,nan,nan,nan,nan,nan,nan,nan,nan,nan,nan,nan,nan,nan,nan,nan,nan,nan,nan,nan,nan,nan,nan,nan,nan,nan,nan,nan,nan,nan,nan,nan,nan,nan,nan,nan,nan,nan,nan,nan,nan,nan,nan,nan,nan,nan,nan,nan,nan,nan,nan,nan,nan,nan,"[0, 1, '', 0, None, None]",nan,nan,nan,nan,nan,nan,"[1, 1, 'Jan', 0, None, None]","[0, 1, '', 0, None, None]","[0, 1, '', 0, None, None]","[0, 1, '', 0, None, None]",nan,nan,nan,nan,nan,nan,nan,2020-01-19 18:07:45
Loch of Voe,nan,nan,nan,nan,nan,nan,nan,nan,nan,nan,nan,nan,nan,nan,nan,nan,nan,nan,nan,nan,nan,nan,nan,nan,nan,nan,nan,nan,nan,nan,nan,nan,nan,nan,nan,nan,nan,nan,nan,nan,nan,nan,nan,nan,nan,nan,nan,nan,nan,nan,nan,nan,nan,nan,nan,nan,nan,nan,nan,nan,"[1, 1, 'Feb', 0, None, None]",nan,nan,nan,nan,nan,nan,nan,nan,nan,nan,nan,nan,nan,nan,nan,nan,nan,nan,nan,nan,nan,nan,2020-01-19 18:07:45
Lothing Lake and Oulton Broad,nan,nan,nan,nan,nan,nan,nan,nan,nan,nan,nan,nan,nan,nan,nan,nan,nan,nan,nan,nan,nan,nan,nan,nan,nan,nan,nan,nan,nan,nan,nan,nan,nan,nan,nan,nan,nan,nan,nan,nan,nan,nan,nan,nan,nan,nan,nan,nan,nan,nan,nan,nan,nan,nan,nan,nan,nan,nan,"[0, 1, '', 0, None, None]","[0, 1, '', 0, None, None]","[8, 1, 'Jan', 0, None, None]","[0, 1, '', 0, None, None]","[0, 1, '', 0, None, None]",nan,nan,nan,nan,nan,nan,nan,nan,nan,nan,nan,nan,nan,nan,nan,nan,nan,nan,nan,nan,2020-01-19 18:07:45
Lowlandmans Bay (Jura),nan,nan,nan,nan,nan,nan,nan,nan,nan,nan,nan,nan,nan,nan,nan,nan,nan,nan,nan,nan,nan,nan,nan,nan,nan,nan,nan,nan,nan,nan,nan,nan,nan,nan,nan,nan,nan,nan,nan,nan,nan,nan,nan,nan,nan,nan,nan,nan,nan,nan,nan,nan,nan,nan,nan,nan,nan,nan,nan,nan,nan,nan,nan,nan,nan,nan,nan,nan,nan,nan,nan,nan,nan,"[0, 1, '', 0, None, None]","[3, 1, 'Jan', 0, None, None]",nan,"[0, 1, '', 0, None, None]",nan,nan,nan,nan,nan,nan,2020-01-19 18:07:45
Melbost Sands (Lewis),nan,nan,nan,nan,nan,nan,nan,nan,nan,nan,nan,nan,nan,nan,nan,nan,nan,nan,nan,nan,nan,nan,nan,nan,nan,nan,nan,nan,nan,nan,nan,nan,nan,nan,nan,nan,nan,nan,nan,nan,nan,nan,nan,nan,nan,nan,nan,nan,nan,nan,nan,nan,nan,nan,nan,nan,nan,nan,nan,nan,nan,nan,nan,nan,nan,nan,nan,nan,nan,nan,nan,nan,"[8, 1, 'Dec', 0, None, None]","[5, 2, 'Dec', 0, None, None]",nan,nan,nan,nan,nan,nan,nan,nan,nan,2020-01-19 18:07:45
Newark Bay,nan,nan,nan,nan,nan,nan,nan,nan,nan,nan,nan,nan,nan,nan,nan,nan,nan,nan,nan,nan,nan,nan,nan,nan,nan,nan,nan,nan,nan,nan,nan,nan,nan,nan,nan,nan,nan,nan,nan,nan,nan,nan,nan,nan,nan,nan,nan,nan,"[12, 1, 'Apr', 0, None, None]","[33, 1, 'Mar', 0, None, None]","[42, 1, 'Jan', 0, None, None]","[28, 1, 'Nov', 0, None, None]","[41, 1, 'Dec', 0, None, None]","[14, 1, 'Mar', 0, None, None]","[44, 1, 'Feb', 0, None, None]","[18, 1, 'Feb', 0, None, None]","[32, 1, 'Jan', 0, None, None]",nan,"[11, 2, 'Jan', 0, None, None]","[7, 1, 'Dec', 0, None, None]","[52, 1, 'Feb', 0, None, None]","[32, 1, 'Dec', 0, None, None]","[16, 1, 'Jan', 0, None, None]","[22, 1, 'Mar', 0, None, None]","[19, 1, 'Feb', 0, None, None]","[13, 1, 'Feb', 0, None, None]","[13, 1, 'Jan', 0, None, None]","[24, 1, 'Dec', 0, None, None]","[13, 1, 'Jan', 0, None, None]","[13, 1, 'Jan', 0, None, None]","[17, 1, 'Jan', 0, None, None]","[12, 1, 'Jan', 0, None, None]","[17, 1, 'Jan', 0, None, None]","[15, 1, 'Nov', 0, None, None]",nan,nan,nan,nan,nan,nan,nan,nan,nan,2020-01-19 18:07:45
"Newark Bay, Deerness",nan,nan,nan,nan,nan,nan,nan,nan,nan,nan,nan,nan,nan,nan,nan,nan,nan,nan,nan,nan,nan,nan,nan,nan,nan,nan,nan,nan,nan,nan,nan,nan,nan,nan,nan,nan,nan,nan,nan,nan,nan,nan,nan,nan,nan,nan,nan,nan,nan,nan,nan,nan,nan,nan,nan,nan,nan,nan,nan,nan,nan,nan,nan,nan,"[365, 1, 'Apr', 1, 'Supplementary visit under the  WeBS Core Count Survey', 'WeBS']","[215, 1, 'Nov', 1, 'Supplementary visit under the  WeBS Core Count Survey', 'WeBS']","[48, 1, 'Jan', 1, 'Supplementary visit under the  WeBS Core Count Survey', 'WeBS']","[200, 1, 'Jan', 1, 'Supplementary visit under the  WeBS Core Count Survey', 'WeBS']","[275, 1, 'Apr', 1, 'Supplementary visit under the  WeBS Core Count Survey', 'WeBS']","[327, 1, 'Mar', 1, 'Supplementary visit under the  WeBS Core Count Survey', 'WeBS']","[412, 1, 'Dec', 1, 'Supplementary visit under the  WeBS Core Count Survey', 'WeBS']","[239, 1, 'Dec', 1, 'Supplementary visit under the  WeBS Core Count Survey', 'WeBS']","[419, 1, 'Jan', 1, 'Supplementary visit under the  WeBS Core Count Survey', 'WeBS']","[226, 1, 'Dec', 1, 'Supplementary visit under the  WeBS Core Count Survey', 'WeBS']","[424, 1, 'Jan', 1, 'Supplementary visit under the  WeBS Core Count Survey', 'WeBS']","[404, 1, 'Feb', 1, 'Supplementary visit under the  WeBS Core Count Survey', 'WeBS']","[411, 1, 'Dec', 1, 'Supplementary visit under the  WeBS Core Count Survey', 'WeBS']","[486, 1, 'Jan', 1, 'Supplementary visit under the  WeBS Core Count Survey', 'WeBS']",nan,nan,nan,nan,nan,2020-01-19 18:07:45
North Bay and Gualan to South Ford (South Uist),nan,nan,nan,nan,nan,nan,nan,nan,nan,nan,nan,nan,nan,nan,nan,nan,nan,nan,nan,nan,nan,nan,nan,nan,nan,nan,nan,nan,nan,nan,nan,nan,nan,nan,nan,nan,nan,nan,nan,nan,nan,nan,nan,nan,nan,nan,nan,nan,"[36, 1, 'Jan', 0, None, None]",nan,nan,nan,nan,nan,nan,nan,nan,nan,nan,nan,nan,nan,nan,nan,nan,nan,nan,nan,nan,nan,nan,nan,nan,nan,nan,nan,nan,nan,nan,nan,nan,nan,nan,2020-01-19 18:07:45
North Berwick Complex BTO,nan,nan,nan,nan,nan,nan,nan,nan,nan,nan,nan,nan,nan,nan,nan,nan,nan,nan,nan,nan,nan,nan,nan,nan,nan,nan,nan,nan,nan,nan,nan,nan,nan,nan,nan,nan,nan,nan,nan,nan,nan,nan,nan,nan,nan,nan,nan,nan,nan,nan,nan,nan,nan,nan,nan,nan,"[48, 1, 'Feb', 0, None, None]","[50, 2, 'Apr', 0, None, None]","[50, 1, 'Oct', 0, None, None]","[75, 1, 'Jan', 0, None, None]",nan,nan,nan,nan,nan,nan,nan,nan,nan,nan,nan,nan,nan,nan,nan,nan,nan,nan,nan,nan,nan,nan,nan,2020-01-19 18:07:45
North Ronaldsay Lochs,nan,nan,nan,nan,nan,nan,nan,nan,nan,nan,nan,nan,nan,nan,nan,nan,nan,nan,nan,nan,nan,nan,nan,nan,nan,nan,nan,nan,nan,nan,nan,nan,nan,nan,nan,nan,nan,nan,nan,nan,nan,nan,nan,nan,nan,nan,nan,nan,nan,nan,nan,nan,nan,nan,nan,nan,nan,nan,nan,"[46, 1, 'Nov', 0, None, None]","[2, 1, 'Jul', 0, None, None]","[40, 1, 'Mar', 0, None, None]","[3, 1, 'Oct', 0, None, None]",nan,"[2, 1, 'Mar', 0, None, None]",nan,nan,nan,nan,nan,nan,nan,nan,nan,nan,nan,nan,nan,nan,nan,nan,nan,nan,2020-01-19 18:07:45
Orkney - Ireland,nan,nan,nan,nan,nan,nan,nan,nan,nan,nan,nan,nan,nan,nan,nan,nan,nan,nan,nan,nan,nan,nan,nan,nan,nan,nan,nan,nan,nan,nan,nan,nan,nan,nan,nan,nan,nan,nan,nan,nan,nan,nan,nan,nan,nan,nan,nan,nan,"[0, 1, '', 0, None, None]","[1, 1, 'Feb', 0, None, None]","[0, 1, '', 0, None, None]","[0, 1, '', 0, None, None]","[1, 1, 'Apr', 0, None, None]","[0, 1, '', 0, None, None]","[0, 1, '', 0, None, None]",nan,nan,nan,nan,nan,nan,nan,nan,nan,nan,nan,nan,nan,nan,nan,nan,nan,nan,nan,nan,nan,nan,nan,nan,nan,nan,nan,nan,2020-01-19 18:07:45
Orkney Ayre-Deerness,nan,nan,nan,nan,nan,nan,nan,nan,nan,nan,nan,nan,nan,nan,nan,nan,nan,nan,nan,nan,nan,nan,nan,nan,nan,nan,nan,nan,nan,nan,nan,nan,nan,nan,nan,nan,nan,nan,nan,nan,nan,nan,nan,nan,nan,nan,nan,nan,"[199, 1, 'Mar', 0, None, None]","[154, 1, 'Jan', 0, None, None]","[205, 1, 'Feb', 0, None, None]","[213, 1, 'Feb', 0, None, None]","[193, 1, 'Jan', 0, None, None]","[193, 1, 'Mar', 0, None, None]",nan,nan,nan,nan,nan,nan,nan,nan,nan,nan,nan,nan,nan,nan,nan,nan,nan,nan,nan,nan,nan,nan,nan,nan,nan,nan,nan,nan,nan,2020-01-19 18:07:45
Otter Est to Kingsbridge Est 2 (NEWS 020345),nan,nan,nan,nan,nan,nan,nan,nan,nan,nan,nan,nan,nan,nan,nan,nan,nan,nan,nan,nan,nan,nan,nan,nan,nan,nan,nan,nan,nan,nan,nan,nan,nan,nan,nan,nan,nan,nan,nan,nan,nan,nan,nan,nan,nan,nan,nan,nan,nan,nan,nan,nan,nan,nan,nan,nan,nan,nan,nan,nan,nan,nan,nan,nan,nan,nan,nan,nan,nan,nan,nan,nan,"[2, 1, 'Jan', 0, None, None]",nan,nan,nan,nan,nan,nan,nan,nan,nan,nan,2020-01-19 18:07:45
Otter Est to Kingsbridge Est 5 (NEWS 020334),nan,nan,nan,nan,nan,nan,nan,nan,nan,nan,nan,nan,nan,nan,nan,nan,nan,nan,nan,nan,nan,nan,nan,nan,nan,nan,nan,nan,nan,nan,nan,nan,nan,nan,nan,nan,nan,nan,nan,nan,nan,nan,nan,nan,nan,nan,nan,nan,nan,nan,nan,nan,nan,nan,nan,nan,nan,nan,nan,nan,nan,nan,nan,nan,nan,nan,nan,nan,nan,nan,nan,"[4, 1, 'Jan', 0, None, None]",nan,nan,nan,nan,nan,nan,nan,nan,nan,nan,nan,2020-01-19 18:07:45
Otter Est to Kingsbridge Est 7 (NEWS 020340),nan,nan,nan,nan,nan,nan,nan,nan,nan,nan,nan,nan,nan,nan,nan,nan,nan,nan,nan,nan,nan,nan,nan,nan,nan,nan,nan,nan,nan,nan,nan,nan,nan,nan,nan,nan,nan,nan,nan,nan,nan,nan,nan,nan,nan,nan,nan,nan,nan,nan,nan,nan,nan,nan,nan,nan,nan,nan,nan,nan,nan,nan,nan,nan,nan,nan,nan,nan,nan,nan,nan,"[3, 1, 'Jan', 0, None, None]","[19, 1, 'Jan', 0, None, None]",nan,nan,nan,nan,nan,nan,nan,nan,nan,nan,2020-01-19 18:07:45
Otter Est to Kingsbridge Est 86 (NEWS 020335C),nan,nan,nan,nan,nan,nan,nan,nan,nan,nan,nan,nan,nan,nan,nan,nan,nan,nan,nan,nan,nan,nan,nan,nan,nan,nan,nan,nan,nan,nan,nan,nan,nan,nan,nan,nan,nan,nan,nan,nan,nan,nan,nan,nan,nan,nan,nan,nan,nan,nan,nan,nan,nan,nan,nan,nan,nan,nan,nan,nan,nan,nan,nan,nan,nan,nan,nan,nan,nan,nan,nan,"[4, 1, 'Jan', 0, None, None]","[6, 1, 'Jan', 0, None, None]",nan,nan,nan,nan,nan,nan,nan,nan,nan,nan,2020-01-19 18:07:45
Otter Estuary to Kingsbridge Estuary (Devon),nan,nan,nan,nan,nan,nan,nan,nan,nan,nan,nan,nan,nan,nan,nan,nan,nan,nan,nan,nan,nan,nan,nan,nan,nan,nan,nan,nan,nan,nan,nan,nan,nan,nan,nan,nan,nan,nan,nan,nan,nan,nan,nan,nan,nan,nan,nan,nan,nan,nan,nan,nan,nan,nan,nan,nan,nan,nan,nan,nan,nan,nan,nan,nan,nan,nan,nan,nan,nan,nan,nan,"[11, 1, 'Jan', 0, None, None]","[27, 1, 'Jan', 0, None, None]",nan,nan,nan,nan,nan,nan,nan,nan,nan,nan,2020-01-19 18:07:45
Phennick Point to Craignapastie,nan,nan,nan,nan,nan,nan,nan,nan,nan,nan,nan,nan,nan,nan,nan,nan,nan,nan,nan,nan,nan,nan,nan,nan,nan,nan,nan,nan,nan,nan,nan,nan,nan,nan,nan,nan,nan,nan,nan,nan,nan,nan,nan,nan,nan,nan,nan,nan,nan,nan,nan,nan,nan,nan,nan,nan,nan,nan,nan,nan,"[5, 1, 'Feb', 0, None, None]",nan,nan,nan,nan,nan,nan,nan,nan,nan,nan,nan,nan,nan,nan,nan,nan,nan,nan,nan,nan,nan,nan,2020-01-19 18:07:45
Port Mhor Bragar (Lewis),nan,nan,nan,nan,nan,nan,nan,nan,nan,nan,nan,nan,nan,nan,nan,nan,nan,nan,nan,nan,nan,nan,nan,nan,nan,nan,nan,nan,nan,nan,nan,nan,nan,nan,nan,nan,nan,nan,nan,nan,nan,nan,nan,nan,nan,"[36, 1, 'Feb', 0, None, None]","[30, 1, 'Feb', 0, None, None]","[0, 1, '', 0, None, None]","[0, 1, '', 0, None, None]","[0, 1, '', 0, None, None]",nan,nan,nan,nan,nan,nan,nan,nan,nan,nan,nan,nan,nan,nan,nan,nan,nan,nan,nan,nan,nan,nan,nan,nan,nan,nan,nan,nan,nan,nan,nan,nan,nan,2020-01-19 18:07:45
Pwllheli Harbour,nan,nan,nan,nan,nan,nan,nan,nan,nan,nan,nan,nan,nan,nan,nan,nan,nan,nan,nan,nan,nan,nan,nan,nan,nan,nan,nan,nan,nan,nan,nan,nan,nan,nan,nan,nan,nan,"[0, 1, '', 0, None, None]","[0, 1, '', 0, None, None]","[0, 1, '', 0, None, None]","[0, 1, '', 0, None, None]","[0, 1, '', 0, None, None]","[0, 1, '', 0, None, None]","[0, 1, '', 0, None, None]","[0, 1, '', 0, None, None]",nan,nan,nan,"[0, 1, '', 0, None, None]","[0, 1, '', 0, None, None]","[1, 1, 'Nov', 0, None, None]",nan,nan,nan,nan,nan,nan,nan,"[0, 1, '', 0, None, None]","[0, 1, '', 0, None, None]","[0, 1, '', 0, None, None]","[0, 1, '', 0, None, None]",nan,nan,"[0, 1, '', 0, None, None]","[0, 1, '', 0, None, None]","[0, 1, '', 0, None, None]","[0, 1, '', 0, None, None]",nan,nan,nan,nan,nan,nan,nan,nan,nan,nan,nan,nan,nan,nan,nan,2020-01-19 18:07:45
Rhosneigr,nan,nan,nan,nan,nan,nan,nan,nan,nan,nan,nan,nan,nan,nan,nan,nan,nan,nan,nan,nan,nan,nan,nan,nan,nan,nan,nan,nan,nan,nan,nan,nan,nan,nan,nan,nan,nan,nan,nan,nan,nan,nan,nan,nan,nan,nan,nan,nan,"[2, 1, 'Jan', 0, None, None]",nan,nan,nan,nan,nan,nan,nan,nan,nan,nan,nan,nan,nan,nan,nan,nan,nan,nan,nan,nan,nan,nan,nan,nan,nan,nan,nan,nan,nan,nan,nan,nan,nan,nan,2020-01-19 18:07:45
Saltwick - Whitby,nan,nan,nan,nan,nan,nan,nan,nan,nan,nan,nan,nan,nan,nan,nan,nan,nan,nan,nan,nan,nan,nan,nan,nan,nan,nan,nan,nan,nan,nan,nan,nan,nan,nan,nan,nan,nan,nan,nan,nan,nan,nan,nan,nan,nan,nan,nan,"[119, 1, 'Feb', 0, None, None]","[102, 1, 'Dec', 0, None, None]","[92, 1, 'Nov', 0, None, None]","[153, 1, 'Feb', 0, None, None]","[97, 1, 'Mar', 0, None, None]","[75, 1, 'Dec', 0, None, None]","[74, 1, 'Jan', 0, None, None]","[85, 1, 'Feb', 0, None, None]","[60, 1, 'Dec', 0, None, None]","[54, 1, 'Dec', 0, None, None]",nan,nan,nan,nan,nan,nan,nan,nan,nan,nan,nan,nan,nan,nan,nan,nan,nan,nan,nan,nan,nan,nan,nan,nan,nan,nan,2020-01-19 18:07:45
Scapa Flow,nan,nan,nan,nan,nan,nan,nan,nan,nan,nan,nan,nan,nan,nan,nan,nan,nan,nan,nan,nan,nan,nan,nan,nan,nan,nan,nan,nan,nan,nan,nan,nan,nan,nan,nan,nan,nan,nan,nan,nan,nan,nan,nan,nan,nan,nan,nan,nan,"[36, 1, 'Jan', 0, None, None]","[38, 1, 'Dec', 0, None, None]","[43, 1, 'Dec', 0, None, None]",nan,nan,nan,nan,nan,nan,nan,nan,nan,nan,nan,nan,nan,nan,nan,nan,nan,nan,nan,nan,nan,nan,nan,nan,nan,nan,nan,nan,nan,nan,nan,nan,2020-01-19 18:07:45
Scuthvie Bay,nan,nan,nan,nan,nan,nan,nan,nan,nan,nan,nan,nan,nan,nan,nan,nan,nan,nan,nan,nan,nan,nan,nan,nan,nan,nan,nan,nan,nan,nan,nan,nan,nan,nan,nan,nan,nan,nan,nan,nan,nan,nan,nan,nan,nan,nan,nan,nan,nan,nan,nan,nan,nan,nan,nan,nan,nan,nan,nan,nan,nan,nan,nan,nan,nan,nan,nan,nan,nan,nan,nan,"[35, 2, 'Mar', 0, None, None]","[164, 1, 'Mar', 0, None, None]","[130, 1, 'Feb', 0, None, None]",nan,nan,nan,nan,nan,nan,nan,nan,nan,2020-01-19 18:07:45
Shetland,nan,nan,nan,nan,nan,nan,nan,nan,nan,nan,nan,nan,nan,nan,nan,nan,nan,nan,nan,nan,nan,nan,nan,nan,nan,nan,nan,nan,nan,nan,nan,nan,nan,nan,nan,nan,nan,nan,nan,nan,nan,nan,nan,nan,nan,nan,nan,nan,nan,nan,nan,nan,nan,nan,nan,nan,nan,nan,nan,nan,nan,nan,nan,nan,nan,nan,nan,nan,nan,nan,nan,nan,nan,nan,nan,"[1, 1, 'Apr', 0, None, None]",nan,nan,nan,nan,nan,nan,nan,2020-01-19 18:07:45
South Down Coast,nan,nan,nan,nan,nan,nan,nan,nan,nan,nan,nan,nan,nan,nan,nan,nan,nan,nan,nan,nan,nan,nan,nan,nan,nan,nan,nan,nan,nan,nan,nan,nan,nan,nan,nan,nan,nan,nan,nan,nan,nan,nan,nan,nan,nan,nan,nan,nan,nan,nan,nan,nan,nan,nan,"[26, 1, 'Dec', 0, None, None]",nan,nan,nan,nan,nan,"[7, 1, 'Jan', 0, None, None]",nan,nan,nan,nan,nan,nan,nan,nan,nan,nan,nan,nan,nan,nan,nan,nan,nan,nan,nan,nan,nan,nan,2020-01-19 18:07:45
South Down Coast - Sectors 40 to 42,nan,nan,nan,nan,nan,nan,nan,nan,nan,nan,nan,nan,nan,nan,nan,nan,nan,nan,nan,nan,nan,nan,nan,nan,nan,nan,nan,nan,nan,nan,nan,nan,nan,nan,nan,nan,nan,nan,nan,nan,nan,nan,nan,nan,nan,nan,nan,nan,nan,nan,nan,nan,nan,nan,nan,nan,nan,nan,nan,nan,"[1, 1, 'Mar', 0, None, None]",nan,nan,nan,nan,nan,nan,nan,nan,nan,nan,nan,nan,nan,nan,nan,nan,nan,nan,nan,nan,nan,nan,2020-01-19 18:07:45
St Mary's Island to North Shields Fish Quay,nan,nan,nan,nan,nan,nan,nan,nan,nan,nan,nan,nan,nan,nan,nan,nan,nan,nan,nan,nan,nan,nan,nan,nan,nan,nan,nan,nan,nan,nan,nan,nan,nan,nan,nan,nan,nan,nan,nan,nan,nan,nan,nan,nan,nan,nan,nan,nan,nan,nan,nan,nan,nan,nan,nan,nan,nan,nan,"[1, 1, 'Jan', 0, None, None]","[3, 1, 'Oct', 0, None, None]","[3, 1, 'Apr', 0, None, None]","[6, 1, 'Dec', 0, None, None]","[17, 1, 'Feb', 0, None, None]",nan,nan,nan,nan,nan,nan,nan,nan,nan,nan,nan,nan,nan,nan,nan,nan,nan,nan,nan,nan,2020-01-19 18:07:45
Stinchar Estuary,nan,nan,nan,nan,nan,nan,nan,nan,nan,nan,nan,nan,nan,nan,nan,nan,nan,nan,nan,nan,nan,nan,nan,nan,nan,nan,nan,nan,nan,nan,nan,nan,nan,nan,nan,"[14, 1, 'Apr', 0, None, None]",nan,nan,nan,"[0, 1, '', 0, None, None]",nan,nan,nan,nan,"[17, 1, 'Jan', 0, None, None]",nan,nan,nan,nan,nan,nan,nan,nan,nan,nan,nan,nan,nan,nan,nan,nan,nan,nan,nan,nan,nan,nan,nan,nan,nan,nan,nan,nan,nan,nan,nan,nan,nan,nan,nan,nan,nan,nan,2020-01-19 18:07:45
Teignmouth to Berry Head (Babbacombe Bay and Tor Bay),nan,nan,nan,nan,nan,nan,nan,nan,nan,nan,nan,nan,nan,nan,nan,nan,nan,nan,nan,nan,nan,nan,nan,nan,nan,nan,nan,nan,nan,nan,nan,nan,nan,nan,nan,nan,nan,nan,nan,nan,nan,nan,nan,nan,nan,nan,nan,nan,nan,nan,nan,nan,nan,nan,nan,nan,nan,nan,nan,nan,nan,nan,nan,nan,nan,nan,nan,nan,"[0, 1, '', 0, None, None]",nan,nan,nan,nan,nan,nan,nan,nan,nan,nan,nan,nan,nan,nan,2020-01-19 18:07:45
Tiree,nan,nan,nan,nan,nan,nan,nan,nan,nan,nan,nan,nan,nan,nan,nan,nan,nan,nan,nan,nan,nan,nan,nan,nan,nan,nan,nan,nan,nan,nan,nan,nan,nan,nan,nan,nan,nan,nan,nan,nan,nan,nan,nan,nan,nan,nan,nan,nan,nan,nan,nan,"[288, 1, 'Jan', 0, None, None]",nan,nan,"[0, 1, '', 0, None, None]",nan,nan,nan,nan,nan,nan,nan,nan,nan,"[263, 1, 'Jan', 1, 'Tiree non-estuarine counts', 'per J Bowler']",nan,nan,nan,nan,nan,"[368, 1, 'Feb', 1, 'Tiree non-estuarine counts', 'per J Bowler']",nan,nan,nan,nan,nan,nan,nan,nan,nan,nan,nan,nan,2020-01-19 18:07:45
Torbay,nan,nan,nan,nan,nan,nan,nan,nan,nan,nan,nan,nan,nan,nan,nan,nan,nan,nan,nan,nan,nan,nan,nan,nan,nan,nan,nan,nan,nan,nan,nan,nan,nan,nan,nan,nan,nan,nan,nan,nan,nan,nan,nan,nan,nan,nan,nan,nan,nan,nan,nan,nan,nan,nan,nan,nan,nan,nan,nan,nan,nan,nan,nan,nan,nan,nan,nan,nan,nan,nan,nan,nan,nan,nan,nan,"[1, 1, 'Jan', 0, None, None]","[0, 1, '', 0, None, None]",nan,nan,nan,nan,nan,nan,2020-01-19 18:07:45
Tynemouth-Seaton Sluice,nan,nan,nan,nan,nan,nan,nan,nan,nan,nan,nan,nan,nan,nan,nan,nan,nan,nan,nan,nan,nan,nan,nan,nan,nan,nan,nan,nan,nan,nan,nan,nan,nan,nan,nan,nan,nan,nan,nan,nan,nan,nan,nan,nan,nan,nan,nan,"[73, 1, 'Mar', 0, None, None]","[128, 1, 'Dec', 0, None, None]",nan,nan,nan,nan,nan,nan,nan,nan,nan,nan,nan,nan,nan,nan,nan,nan,nan,nan,nan,nan,nan,nan,nan,nan,nan,nan,nan,nan,nan,nan,nan,nan,nan,nan,2020-01-19 18:07:45
Tyrella,nan,nan,nan,nan,nan,nan,nan,nan,nan,nan,nan,nan,nan,nan,nan,nan,nan,nan,nan,nan,nan,nan,nan,nan,nan,nan,nan,nan,nan,nan,nan,nan,nan,nan,nan,nan,nan,nan,nan,nan,nan,nan,nan,nan,nan,nan,nan,nan,nan,nan,nan,nan,nan,nan,"[15, 1, 'Dec', 0, None, None]","[18, 1, 'Dec', 0, None, None]","[2, 1, 'Jan', 0, None, None]",nan,nan,nan,"[12, 1, 'Jan', 0, None, None]",nan,nan,nan,nan,nan,nan,nan,nan,nan,nan,nan,nan,"[0, 1, '', 0, None, None]",nan,nan,nan,nan,nan,nan,nan,nan,nan,2020-01-19 18:07:45
Vaila Sound and Gruting Voe,nan,nan,nan,nan,nan,nan,nan,nan,nan,nan,nan,nan,nan,nan,nan,nan,nan,nan,nan,nan,nan,nan,nan,nan,nan,nan,nan,nan,nan,nan,nan,nan,nan,nan,nan,nan,nan,nan,nan,nan,nan,nan,nan,nan,nan,nan,nan,nan,nan,nan,nan,nan,nan,nan,nan,nan,nan,nan,nan,nan,nan,nan,nan,nan,nan,nan,nan,nan,nan,nan,nan,nan,nan,nan,nan,nan,nan,"[2, 1, 'Jan', 0, None, None]",nan,nan,nan,nan,nan,2020-01-19 18:07:45
Voe of Leiraness Bressay,nan,nan,nan,nan,nan,nan,nan,nan,nan,nan,nan,nan,nan,nan,nan,nan,nan,nan,nan,nan,nan,nan,nan,nan,nan,nan,nan,nan,nan,nan,nan,nan,nan,nan,nan,nan,nan,nan,nan,nan,nan,nan,nan,nan,nan,nan,nan,nan,nan,nan,nan,nan,nan,nan,nan,nan,nan,nan,nan,nan,nan,nan,nan,nan,nan,nan,"[7, 1, 'Oct', 0, None, None]","[3, 1, 'Jan', 0, None, None]","[4, 1, 'Jan', 0, None, None]",nan,"[15, 1, 'Dec', 0, None, None]","[3, 1, 'Dec', 0, None, None]","[3, 1, 'Dec', 0, None, None]","[0, 1, '', 0, None, None]","[0, 1, '', 0, None, None]",nan,nan,nan,nan,nan,nan,nan,nan,2020-01-19 18:07:45
West Shetland Mainland,nan,nan,nan,nan,nan,nan,nan,nan,nan,nan,nan,nan,nan,nan,nan,nan,nan,nan,nan,nan,nan,nan,nan,nan,nan,nan,nan,nan,nan,nan,nan,nan,nan,nan,nan,nan,nan,nan,nan,nan,nan,nan,nan,nan,nan,nan,nan,nan,nan,nan,nan,nan,nan,nan,nan,nan,nan,nan,nan,nan,"[52, 1, 'Feb', 0, None, None]",nan,nan,nan,nan,nan,nan,nan,nan,nan,nan,nan,nan,nan,nan,nan,nan,nan,nan,nan,nan,nan,nan,2020-01-19 18:07:45
Whitburn Bay,nan,nan,nan,nan,nan,nan,nan,nan,nan,nan,nan,nan,nan,nan,nan,nan,nan,nan,nan,nan,nan,nan,nan,nan,nan,nan,nan,nan,nan,nan,nan,nan,nan,nan,nan,nan,nan,nan,nan,nan,nan,nan,nan,nan,nan,nan,nan,"[97, 1, 'Jan', 0, None, None]","[35, 1, 'Feb', 0, None, None]","[43, 1, 'Feb', 0, None, None]",nan,nan,nan,nan,nan,nan,nan,nan,"[0, 1, '', 0, None, None]",nan,nan,nan,nan,nan,nan,nan,nan,nan,nan,nan,nan,nan,nan,nan,nan,nan,nan,nan,nan,nan,nan,nan,nan,2020-01-19 18:07:45
Widewall Bay,nan,nan,nan,nan,nan,nan,nan,nan,nan,nan,nan,nan,nan,nan,nan,nan,nan,nan,nan,nan,nan,nan,nan,nan,nan,nan,nan,nan,nan,nan,nan,nan,nan,nan,nan,nan,nan,nan,nan,nan,nan,nan,nan,nan,nan,nan,nan,nan,"[34, 1, 'Mar', 0, None, None]","[46, 1, 'Feb', 0, None, None]","[42, 1, 'Feb', 0, None, None]","[32, 1, 'Dec', 0, None, None]","[34, 1, 'Jan', 0, None, None]","[28, 1, 'Jan', 0, None, None]","[30, 1, 'Feb', 0, None, None]","[12, 1, 'Mar', 0, None, None]","[14, 1, 'Mar', 0, None, None]",nan,"[14, 2, 'Jan', 0, None, None]","[16, 1, 'Mar', 0, None, None]","[25, 1, 'Jan', 0, None, None]","[35, 1, 'Jan', 0, None, None]","[26, 1, 'Jan', 0, None, None]","[22, 1, 'Feb', 0, None, None]","[11, 1, 'Jan', 0, None, None]","[8, 1, 'Dec', 0, None, None]","[10, 1, 'Jan', 0, None, None]","[20, 1, 'Jan', 0, None, None]",nan,"[5, 1, 'Jan', 0, None, None]","[8, 1, 'Dec', 0, None, None]","[9, 1, 'Dec', 0, None, None]","[11, 1, 'Mar', 0, None, None]","[14, 1, 'Feb', 0, None, None]",nan,nan,nan,nan,nan,nan,nan,nan,nan,2020-01-19 18:07:45
